0[284.63123, 143.65823, 1820.9155][275.3326, 230.44551, 1803.6816][228.53104, 233.31387, 1827.8838][323.4073, 227.49911, 1779.4795][205.44794, 314.4393, 1779.7603][345.58624, 300.80255, 1709.2794][244.53027, 381.39587, 1524.389][292.65558, 358.1806, 1473.1279][277.1175, 292.6804, 1779.727][250.6987, 357.33582, 1769.9045][307.6619, 355.8794, 1741.6404][243.42245, 487.04095, 1787.7941][314.85446, 487.3227, 1762.221][249.34955, 571.79663, 1950.6542][299.07248, 598.5958, 1829.8958]
1[286.62607, 143.70505, 1812.1714][277.12793, 230.88441, 1803.0428][230.49222, 232.91399, 1831.4528][325.25684, 228.78986, 1774.6329][206.87463, 314.3108, 1780.8682][348.91687, 303.54242, 1713.7416][240.78294, 387.53552, 1531.8812][304.31082, 368.92957, 1484.1592][277.76065, 292.98706, 1781.0117][249.84428, 356.6936, 1775.8466][307.52725, 356.59625, 1742.1146][245.09525, 487.4753, 1781.4221][327.39682, 484.1167, 1775.895][251.11043, 571.878, 1944.7688][304.01105, 594.6323, 1837.1509]
2[287.76886, 143.85048, 1805.5013][278.06396, 231.50427, 1800.1733][231.30281, 233.15439, 1829.9928][326.40036, 229.79857, 1770.3539][209.1077, 316.2404, 1778.7583][354.72162, 302.80112, 1719.3455][234.60942, 397.82693, 1541.1774][317.2462, 381.98044, 1501.885][278.41345, 293.41986, 1781.3357][250.11761, 356.42053, 1780.269][308.00693, 356.9023, 1744.727][249.19543, 483.77933, 1804.0352][328.35776, 478.89062, 1806.0027][253.20407, 571.21313, 1953.2129][301.85202, 592.1199, 1843.3151]
3[289.15234, 143.9018, 1799.6946][279.21014, 232.13104, 1794.1628][231.61021, 233.24503, 1825.608][328.50836, 230.97733, 1762.7177][210.3464, 317.1445, 1778.3015][359.3888, 301.9095, 1729.7758][224.1091, 406.10745, 1566.2694][332.42773, 395.79074, 1526.8912][279.14398, 293.8653, 1779.2241][250.36102, 356.02313, 1782.8116][308.4019, 357.28003, 1745.7592][250.27837, 482.25684, 1809.6904][326.4053, 479.47864, 1804.6143][256.76718, 572.151, 1948.1326][302.89426, 591.0176, 1850.4323]
4[290.36493, 144.39972, 1793.8481][280.3418, 233.67361, 1786.5042][232.5061, 234.19856, 1821.7798][330.10464, 233.1275, 1751.2285][211.1387, 318.22473, 1779.2157][360.20343, 303.22308, 1731.7477][211.3436, 414.86523, 1602.1733][347.28195, 406.93405, 1560.6595][279.8786, 294.96805, 1776.333][250.82808, 355.85526, 1786.8428][308.6693, 358.1081, 1745.481][250.88924, 481.58377, 1812.3137][318.92612, 482.08313, 1796.4723][258.37192, 573.1304, 1942.942][304.49637, 592.0984, 1854.9238]
5[291.59958, 144.56631, 1787.4688][281.68506, 234.39687, 1778.7413][233.96193, 234.82352, 1813.0228][331.28384, 233.95345, 1744.4598][211.46494, 317.36, 1778.9104][360.7158, 303.6452, 1737.2546][202.39847, 419.92566, 1647.882][360.69528, 412.81598, 1609.9838][281.5653, 296.1766, 1773.077][252.34798, 357.18335, 1788.028][311.22836, 359.54895, 1746.7975][251.10693, 482.21634, 1814.6901][315.32315, 484.26068, 1792.3822][258.80414, 576.4883, 1933.3074][305.5755, 592.3993, 1859.7153]
6[292.42618, 144.3195, 1782.3143][283.04742, 234.389, 1771.5071][234.15933, 234.17242, 1795.4471][333.27496, 234.61153, 1747.567][210.60272, 316.8758, 1768.6057][360.94604, 303.7852, 1758.5354][191.84431, 423.55066, 1688.7767][373.63748, 410.6546, 1675.8824][281.84622, 296.6783, 1759.7931][250.05084, 358.62024, 1762.7903][311.726, 361.00467, 1733.3679][250.75464, 480.04517, 1819.7703][314.6262, 487.23233, 1773.9501][260.22202, 573.4662, 1939.8977][306.80576, 593.9217, 1850.4548]
7[293.15805, 143.99167, 1778.9382][283.63046, 234.39424, 1769.2537][234.58917, 234.20692, 1791.8782][333.94226, 234.58641, 1746.6292][212.85678, 311.6107, 1785.5867][360.16504, 302.6734, 1773.1171][185.67854, 418.1267, 1724.5079][384.99023, 406.11288, 1731.298][282.51193, 296.98596, 1757.6273][250.61722, 359.2951, 1759.9475][312.6352, 361.5454, 1732.0544][248.73889, 485.487, 1786.8871][318.64746, 492.90356, 1737.9862][258.20847, 575.9226, 1920.8313][308.01624, 591.02136, 1850.388]
8[294.5729, 144.05049, 1773.9476][284.25125, 234.64056, 1766.8961][234.54242, 234.28188, 1788.833][335.2099, 235.00829, 1744.9592][212.7102, 307.41107, 1802.3307][360.3018, 302.17966, 1781.2368][179.4707, 410.4088, 1756.693][392.86676, 401.11255, 1774.7404][283.01453, 297.31372, 1756.1829][250.14804, 359.5437, 1759.1987][313.87848, 361.98795, 1731.7405][248.3899, 485.19653, 1785.5717][319.05066, 493.03036, 1735.4941][257.3227, 577.18884, 1912.0566][309.7432, 592.007, 1843.3973]
9[295.545, 144.40585, 1768.4296][284.5668, 234.60278, 1764.9899][234.50252, 233.87907, 1787.0259][335.897, 235.3448, 1742.9539][211.8817, 304.84857, 1812.1783][360.57062, 302.3857, 1785.1941][174.2481, 404.39978, 1791.1533][397.0996, 395.68018, 1810.7793][282.88043, 297.24347, 1754.2649][248.67615, 359.1748, 1757.6201][314.19965, 362.1588, 1729.4597][248.42831, 483.85358, 1787.1061][319.35214, 492.4013, 1735.4735][257.34467, 575.3097, 1913.4688][311.35776, 592.05676, 1839.3231]
10[296.13, 144.29308, 1762.6549][284.99496, 234.61807, 1763.2299][234.86711, 233.76004, 1788.111][336.55777, 235.50069, 1738.3488][210.68863, 303.0947, 1826.2974][361.18628, 303.0414, 1784.7241][171.38158, 398.54333, 1828.0385][401.7058, 392.46625, 1834.3204][283.2612, 297.22293, 1755.1058][249.05856, 358.71973, 1762.8779][314.56006, 362.1314, 1731.0857][247.9531, 483.42285, 1785.3088][319.84305, 491.20895, 1739.0977][255.61148, 574.4193, 1911.4371][312.46484, 590.7914, 1840.3951]
11[296.72852, 144.29138, 1758.6066][285.36026, 234.46439, 1762.0116][234.78958, 233.82346, 1787.0487][337.3888, 235.1238, 1736.9745][209.72949, 302.71707, 1832.8011][366.8166, 300.02863, 1808.233][167.34148, 395.5157, 1853.1108][404.7509, 387.9546, 1852.4745][283.84055, 296.98944, 1753.0094][248.86424, 358.57025, 1760.3298][316.378, 361.7797, 1727.6846][244.7681, 482.42725, 1785.2119][320.7192, 488.417, 1749.5525][255.7851, 574.47125, 1905.3999][313.4398, 589.63257, 1841.3448]
12[297.09247, 143.9769, 1753.7798][285.6107, 234.32014, 1759.9607][234.5275, 233.46663, 1784.1088][338.1152, 235.19742, 1735.8126][209.23901, 302.01212, 1836.4233][369.02786, 298.7417, 1820.4072][165.17987, 390.5373, 1868.9642][406.614, 387.25354, 1866.2167][283.94162, 297.0586, 1752.1652][248.80444, 358.68018, 1759.9836][316.3151, 362.06567, 1728.7556][244.61519, 481.63794, 1787.2418][321.50006, 486.65753, 1759.1141][256.9324, 574.1572, 1903.3071][314.2024, 588.29944, 1845.6727]
13[297.28445, 143.78427, 1749.7778][285.96713, 233.8591, 1757.6486][234.10266, 232.7525, 1780.8153][339.21707, 234.99527, 1734.4818][207.16435, 300.43005, 1840.3293][369.67804, 297.77216, 1823.112][163.27467, 386.84558, 1872.3042][408.01617, 378.74646, 1872.008][284.05823, 297.04834, 1750.4685][248.42468, 358.96417, 1758.1683][316.42294, 362.58286, 1728.4086][244.67686, 481.03467, 1790.4126][322.06754, 485.2558, 1768.7616][257.5028, 574.51013, 1901.5404][312.74533, 587.685, 1849.0776]
14[297.61737, 143.0555, 1737.5226][286.0327, 233.49976, 1756.8165][234.00055, 232.34692, 1778.762][339.38126, 234.68175, 1734.8711][206.76251, 299.5051, 1842.2303][369.85754, 297.61578, 1825.8568][159.25584, 381.81555, 1870.1254][409.51077, 377.54636, 1872.8417][284.0659, 296.9037, 1749.3424][248.12622, 359.07236, 1756.0199][316.59445, 362.66022, 1727.7167][243.21309, 480.83954, 1790.8093][322.79477, 483.75836, 1777.2985][256.87775, 575.8857, 1895.8074][312.77084, 587.7156, 1849.7714]
15[297.3546, 143.15033, 1734.141][286.13956, 233.20163, 1756.6116][234.08331, 231.99557, 1778.3314][339.4992, 234.43788, 1734.8917][206.16423, 298.89288, 1842.8829][369.96365, 297.2005, 1827.3258][152.71385, 383.00372, 1857.5378][411.44165, 375.86697, 1866.9844][284.10025, 296.7215, 1749.0416][248.19336, 358.99426, 1755.4266][316.4399, 362.62195, 1727.5167][243.39726, 479.7448, 1796.3033][323.26688, 482.6261, 1782.8102][257.32178, 577.94684, 1887.8783][312.48825, 587.9166, 1848.3126]
16[297.21542, 142.57776, 1730.2113][286.02924, 232.86636, 1755.5138][234.0445, 231.64128, 1777.0479][339.30518, 234.12187, 1733.9797][203.26074, 297.38174, 1840.7853][369.8283, 296.50287, 1828.3715][143.27011, 382.81607, 1833.067][414.22028, 376.77197, 1847.7603][283.99335, 296.44162, 1748.467][248.22552, 358.73175, 1755.2281][316.19537, 362.35974, 1727.6124][248.84491, 481.84564, 1782.5182][323.6896, 481.15985, 1789.0973][258.14035, 581.2518, 1872.9683][312.46487, 587.9435, 1846.784]
17[296.63364, 141.94995, 1727.8666][286.07544, 232.61789, 1753.8872][234.28508, 231.4847, 1775.0262][339.1295, 233.77873, 1732.7482][197.03586, 296.24432, 1830.655][369.75696, 296.09253, 1828.8782][129.28242, 384.7661, 1795.6506][421.35812, 382.40863, 1815.512][284.1811, 296.0348, 1747.3177][248.1477, 358.18317, 1754.5281][316.94174, 361.70544, 1726.9685][247.80356, 479.5028, 1793.1632][323.6187, 479.97272, 1791.8726][258.09235, 580.97394, 1873.2981][312.1269, 586.60657, 1849.5334]
18[296.23044, 141.87738, 1727.3055][286.09024, 232.54915, 1753.3237][234.26306, 231.32832, 1774.1793][339.16522, 233.79936, 1732.4681][193.43832, 295.05273, 1826.0984][369.51144, 295.89713, 1830.4305][116.83356, 379.2459, 1758.0789][427.66315, 380.56366, 1775.6102][284.1477, 295.76285, 1747.537][248.1669, 357.6146, 1755.3086][316.75156, 361.20654, 1728.1919][248.45805, 480.59076, 1783.3226][327.89584, 484.64197, 1761.6439][259.15704, 582.0477, 1865.2688][313.58334, 586.6871, 1842.9003]
19[295.7445, 141.78781, 1726.8823][285.7666, 232.51128, 1752.563][233.9945, 231.44289, 1773.5925][338.7962, 233.60564, 1731.5334][189.84613, 294.62772, 1823.9999][369.21698, 294.88635, 1831.6953][103.51077, 369.62238, 1715.7799][434.43234, 375.94104, 1725.2874][284.0365, 295.27106, 1747.1577][248.28003, 356.73618, 1755.4388][316.8501, 360.13123, 1728.066][248.25186, 482.15137, 1767.759][328.86194, 486.049, 1746.1157][261.48935, 576.53955, 1879.1365][313.41675, 587.8341, 1831.1145]
20[295.24808, 141.5882, 1725.4503][285.36737, 232.43027, 1752.9242][233.5989, 231.497, 1773.3407][338.35593, 233.38554, 1732.5077][187.92496, 294.3847, 1823.5736][369.12546, 293.30875, 1831.9176][91.69321, 357.46292, 1671.8835][440.40695, 364.48578, 1679.1014][283.78897, 295.28015, 1747.249][248.41183, 356.9818, 1754.769][316.50464, 360.12134, 1728.3787][248.12259, 482.48074, 1766.309][328.83484, 486.4519, 1742.9362][261.58078, 576.6903, 1878.2129][313.77744, 586.069, 1836.5823]
21[294.7452, 141.39565, 1724.6616][284.9696, 232.2912, 1752.9907][233.16785, 231.38367, 1772.931][337.9634, 233.2196, 1733.0504][186.39369, 293.68015, 1823.5922][369.03604, 292.2678, 1832.2698][86.35982, 339.18048, 1637.0903][443.8232, 346.91382, 1634.0117][283.40118, 295.20016, 1746.8961][248.05093, 357.0312, 1753.6686][316.09555, 360.0907, 1727.9344][248.41675, 482.8409, 1763.3696][327.62738, 485.16144, 1750.955][260.67966, 578.9557, 1868.9159][313.31406, 586.52246, 1836.7917]
22[294.33282, 141.26521, 1723.7407][284.47528, 232.10179, 1752.362][232.62303, 231.11658, 1771.8064][337.49115, 233.10912, 1732.9177][184.45122, 290.90186, 1821.9835][369.69418, 291.65906, 1831.0516][78.70146, 322.48846, 1600.4279][446.81714, 327.76282, 1600.0374][282.8034, 295.07623, 1746.0378][247.48596, 356.9686, 1752.1952][315.2389, 360.07074, 1727.232][246.53616, 483.21423, 1757.868][322.5874, 488.51105, 1728.882][259.73856, 580.0361, 1860.6588][313.4317, 589.42883, 1821.3668]
23[293.8142, 140.88463, 1723.4752][284.07642, 231.42746, 1751.7665][232.02347, 230.32034, 1770.7522][337.27008, 232.55882, 1732.7808][184.14749, 287.88318, 1823.3596][370.27945, 290.27057, 1828.9952][79.926865, 303.52933, 1582.5615][449.8264, 304.1216, 1566.743][282.23038, 294.5593, 1744.979][246.91605, 356.598, 1750.2615][314.29163, 359.79257, 1726.1216][244.35431, 482.1474, 1761.7269][311.45944, 489.01196, 1724.4242][261.02228, 579.37714, 1861.3153][310.44775, 589.073, 1822.2305]
24[293.47388, 140.59927, 1723.2617][283.76675, 231.37062, 1751.9423][231.8518, 229.91367, 1772.6118][336.92133, 232.86238, 1731.2727][183.28365, 284.0468, 1825.5709][375.06668, 287.43875, 1823.3416][81.98076, 282.9749, 1567.1937][448.6842, 281.93756, 1546.2263][281.34177, 294.67447, 1743.356][246.41724, 356.76346, 1747.5305][311.84958, 360.47375, 1722.0088][243.2794, 481.97705, 1761.6486][311.52637, 487.7033, 1735.1526][260.81613, 580.46155, 1855.6989][310.8227, 587.82465, 1830.4475]
25[293.10086, 140.24515, 1723.4266][283.30167, 231.40077, 1751.9624][231.4769, 229.4616, 1775.4336][336.5339, 233.39261, 1728.4912][177.93245, 279.8944, 1825.9642][377.3008, 284.39908, 1819.704][84.67914, 262.0921, 1560.4194][446.12015, 260.23956, 1555.462][280.0455, 294.42227, 1740.6213][245.08517, 356.0573, 1743.3843][308.92877, 360.51984, 1715.1763][242.15793, 480.30655, 1762.9946][313.82678, 485.9378, 1739.584][259.50497, 580.8187, 1847.6733][311.66144, 587.3397, 1827.9222]
26[292.36438, 139.83453, 1722.7076][282.76767, 231.5114, 1751.8635][230.83176, 229.4124, 1774.7109][336.07614, 233.66586, 1729.0161][167.91942, 273.51697, 1814.5582][388.82144, 275.60645, 1791.4508][91.289795, 241.83987, 1557.3011][444.24188, 240.96698, 1553.5265][279.3403, 294.65924, 1740.594][244.2467, 356.35184, 1743.0103][307.99435, 360.94476, 1715.6387][240.23663, 478.6551, 1774.3154][310.16068, 482.02933, 1765.2062][256.67767, 580.0624, 1853.3651][311.10687, 586.54535, 1836.335]
27[290.91492, 139.42624, 1723.2758][281.8384, 231.48096, 1752.1453][230.21397, 229.52832, 1775.3068][334.84595, 233.48592, 1728.9838][163.44814, 271.23486, 1807.0846][395.80225, 270.5576, 1779.8123][99.58919, 226.64813, 1563.168][442.63745, 219.88281, 1548.8646][278.5091, 294.94223, 1740.3837][243.47775, 357.0436, 1742.5868][307.30685, 361.52676, 1714.6573][238.71072, 479.8542, 1770.7828][310.91333, 481.97858, 1767.9762][255.06708, 581.48926, 1849.6547][311.37155, 586.55786, 1838.311]
28[289.9816, 139.15134, 1724.8507][281.14963, 231.34544, 1751.9989][229.6077, 229.15381, 1774.9305][334.05872, 233.5952, 1729.0673][160.47696, 269.2451, 1802.1987][398.70276, 268.7185, 1771.0419][107.67851, 211.66827, 1565.9518][436.8234, 201.95749, 1559.1545][277.5534, 295.0757, 1740.841][241.26518, 357.18588, 1743.9801][307.10056, 362.1112, 1715.3859][238.51556, 480.22134, 1770.7032][309.44028, 483.52963, 1763.1595][254.5379, 582.18054, 1848.4128][312.77347, 585.8843, 1843.0414]
29[288.62714, 138.73557, 1727.9102][280.47058, 231.22343, 1751.7607][229.10068, 228.86084, 1774.1204][333.16885, 233.64711, 1729.4011][158.54106, 267.56357, 1799.5347][401.60635, 263.40228, 1745.5994][116.814896, 198.18916, 1580.4567][431.30798, 181.74854, 1575.8282][276.67062, 295.29422, 1740.9612][239.37575, 357.56354, 1744.504][306.8299, 362.80963, 1715.8192][238.2821, 480.55048, 1771.6488][308.90756, 484.32294, 1762.9224][254.05954, 582.0161, 1851.2695][312.56784, 586.4053, 1843.826]
30[287.38596, 138.23825, 1731.753][279.39185, 231.02428, 1752.6799][228.18799, 228.9511, 1773.8628][331.84854, 233.1482, 1731.4971][157.44699, 266.8968, 1800.027][401.2116, 261.73218, 1741.7167][126.58971, 185.85388, 1596.6377][423.46448, 171.13226, 1604.7867][275.9556, 295.23392, 1741.8578][239.33804, 357.9022, 1744.54][306.13586, 362.62747, 1717.5312][238.087, 481.20728, 1769.8733][307.8188, 484.93356, 1759.7573][252.5647, 584.10876, 1844.6927][312.23273, 586.34106, 1843.9149]
31[287.39383, 138.46405, 1731.6223][278.60944, 230.64668, 1752.7578][226.97418, 228.48131, 1773.4307][331.47726, 232.86375, 1732.085][155.03996, 264.48868, 1796.121][400.94763, 261.4057, 1739.7755][135.78865, 175.21483, 1619.8164][413.8412, 165.48505, 1642.5846][275.09012, 294.9723, 1742.0226][238.33838, 357.73013, 1744.3782][305.22165, 362.49716, 1718.1965][236.06493, 480.14288, 1774.9352][308.4251, 484.46307, 1761.7231][250.95361, 583.5416, 1846.4146][311.23172, 584.96967, 1849.0195]
32[286.25394, 138.11758, 1733.925][277.9438, 230.19733, 1753.0599][225.6664, 227.48903, 1769.9209][331.2365, 232.95824, 1736.199][153.1106, 262.3725, 1789.9673][400.4119, 260.58966, 1739.559][144.73718, 165.1143, 1638.0929][407.7578, 163.07773, 1676.731][273.75555, 294.45422, 1739.9595][235.47101, 357.11594, 1737.6521][303.9647, 362.2885, 1716.0659][234.86389, 477.8507, 1781.5946][309.46597, 483.69733, 1763.4241][249.72813, 581.1682, 1852.3883][309.79807, 585.9317, 1844.0339]
33[285.48523, 137.73853, 1734.9739][276.57977, 229.93475, 1754.6606][223.94418, 227.502, 1772.6993][330.30887, 232.41806, 1736.622][149.50958, 257.89276, 1792.85][399.99887, 259.5093, 1735.9296][150.89488, 163.51953, 1664.7325][403.4593, 161.75684, 1696.2845][272.64392, 294.70438, 1740.9747][234.61304, 358.06464, 1738.7463][303.13293, 362.96863, 1715.8313][233.3144, 479.01294, 1780.5614][311.6013, 486.7741, 1748.2402][249.5356, 582.38275, 1850.47][308.01138, 585.80835, 1843.2355]
34[284.84424, 137.51, 1736.0929][275.8389, 229.58899, 1756.767][223.7317, 227.1912, 1780.6298][329.38113, 232.05283, 1732.9042][148.85625, 253.55241, 1804.1786][399.7311, 258.31024, 1729.8263][156.0345, 165.0542, 1694.2047][398.74423, 161.11276, 1712.257][271.34705, 294.80527, 1738.4319][233.16345, 358.72058, 1735.1241][300.94757, 364.15057, 1705.0695][224.8091, 486.84222, 1729.6111][311.26715, 486.5728, 1748.1627][244.57472, 586.85486, 1820.8112][307.2009, 584.5387, 1846.5901]
35[283.4736, 137.27892, 1737.0057][275.02625, 229.19957, 1756.5359][224.60901, 227.01375, 1785.3511][327.1252, 231.4583, 1727.7207][149.74435, 253.47076, 1804.7054][399.13885, 257.62054, 1723.5251][159.08867, 165.08649, 1717.7754][395.77066, 159.07817, 1725.6443][270.125, 293.40305, 1733.96][231.6348, 356.44717, 1729.9733][299.28897, 362.21634, 1692.7948][220.4214, 488.31192, 1698.0262][311.27808, 482.04578, 1754.6299][241.14252, 586.88025, 1800.7166][307.01047, 579.9607, 1853.0929]
36[282.54248, 137.01367, 1737.3912][273.7918, 228.81743, 1757.3043][222.83594, 226.98366, 1783.3174][326.2789, 230.7063, 1731.2913][149.51761, 255.46204, 1798.7312][398.75006, 256.3512, 1726.0713][159.27905, 165.7859, 1726.4656][393.52725, 158.51054, 1737.4229][269.65265, 292.94043, 1736.61][231.03409, 356.08942, 1733.0125][300.48517, 361.18146, 1698.8188][224.54199, 449.93256, 1709.3895][311.00784, 481.68066, 1755.31][250.43253, 575.18744, 1840.5825][305.55246, 579.4149, 1853.9128]
37[281.2945, 136.13, 1737.0591][273.00864, 228.30092, 1757.8301][222.17514, 227.02625, 1786.6182][325.53488, 229.61803, 1729.042][149.81071, 256.63196, 1799.0978][398.2932, 255.23314, 1724.3956][158.41916, 166.38133, 1737.9127][390.75052, 161.31444, 1733.2003][269.2868, 293.1556, 1735.9762][232.14005, 357.4351, 1732.4696][299.5213, 361.94116, 1695.775][221.56903, 489.0356, 1700.6311][309.71667, 481.57748, 1757.7673][242.73697, 587.5904, 1802.0366][304.52563, 579.1153, 1856.5283]
38[279.8173, 135.38123, 1734.7393][272.28406, 227.94737, 1758.3606][220.89105, 226.88202, 1781.4857][325.0469, 229.04114, 1735.2355][148.07141, 255.84917, 1793.3209][397.42853, 254.63557, 1730.8547][156.89096, 168.27524, 1730.2384][388.35568, 161.84766, 1743.1973][269.49698, 293.63934, 1741.6626][232.89883, 358.7697, 1739.82][300.99954, 362.46844, 1710.1093][222.26065, 489.6767, 1708.5454][309.43, 484.7984, 1752.0531][241.85474, 587.55133, 1811.1556][302.6229, 583.365, 1846.8671]
39[279.54477, 135.28346, 1734.492][271.7388, 227.40637, 1758.757][220.93475, 226.74005, 1783.9938][324.02203, 228.09209, 1733.5201][147.82706, 255.41307, 1794.6804][396.5778, 254.31757, 1730.7529][159.37355, 167.16858, 1744.9138][386.6651, 162.80847, 1741.1981][269.2326, 292.85126, 1740.7288][232.81099, 357.97232, 1739.1221][301.18875, 361.39215, 1706.279][222.57802, 489.7847, 1711.0632][307.87894, 485.3832, 1747.9045][241.94112, 589.12866, 1812.1565][301.12155, 584.63477, 1845.1046]
40[279.1241, 135.10646, 1733.6749][271.44168, 227.29811, 1759.0819][220.93149, 226.88681, 1786.7982][323.56906, 227.72258, 1731.3656][147.68402, 255.46384, 1797.7509][394.06094, 255.44075, 1734.7361][155.87782, 166.8735, 1752.8801][385.25565, 165.78784, 1747.5143][268.9885, 292.47104, 1739.2896][233.09612, 357.51834, 1737.3353][300.56146, 360.8044, 1701.659][222.98602, 488.9609, 1714.1857][310.11386, 481.38577, 1763.6107][242.44528, 590.41144, 1807.4236][300.10742, 583.5972, 1846.5234]
41[277.71704, 134.24664, 1733.228][270.74872, 226.45665, 1761.3938][220.1323, 226.36832, 1790.915][323.09076, 226.54799, 1731.8726][148.22461, 257.62967, 1796.5747][392.7121, 255.49274, 1739.2549][155.23605, 168.92395, 1759.5596][385.05844, 166.19646, 1748.6125][268.4359, 291.57, 1739.7275][233.01898, 356.8466, 1736.7808][299.8386, 359.83734, 1699.3418][222.91061, 486.28287, 1728.5237][307.3037, 481.25378, 1758.3687][241.83447, 589.39453, 1812.9816][300.06967, 582.7667, 1845.8156]
42[276.88098, 133.54922, 1732.4218][270.21896, 226.08215, 1762.7268][219.71588, 226.2397, 1793.0736][322.4914, 225.91907, 1732.38][148.35202, 258.33008, 1797.2859][390.5329, 258.88464, 1748.9657][153.96384, 169.18205, 1762.7734][385.02014, 167.89789, 1755.9131][268.05865, 290.87442, 1739.9391][232.86998, 356.03644, 1736.365][299.5582, 358.7668, 1697.9377][222.05716, 484.83395, 1732.4832][303.51053, 478.2215, 1768.762][239.65631, 587.8529, 1817.3242][300.84277, 580.6494, 1851.8317]
43[275.5276, 132.56702, 1730.5913][270.04163, 226.12332, 1762.6233][219.73822, 225.94916, 1792.2186][322.06317, 226.30344, 1733.028][148.22693, 257.3663, 1798.1263][389.7103, 260.6029, 1751.8988][152.46356, 168.74991, 1770.0482][385.04584, 170.16539, 1760.3702][267.50046, 289.47012, 1739.7942][231.83661, 352.99142, 1735.8326][298.6813, 356.04507, 1698.0975][221.88593, 480.93954, 1737.1238][303.1209, 475.8792, 1766.2769][240.15466, 583.04474, 1824.097][301.02063, 578.5314, 1848.7007]
44[275.39822, 132.52245, 1730.4409][269.82166, 226.25221, 1762.5437][219.52737, 225.92616, 1791.9044][321.81992, 226.58931, 1733.183][148.20354, 257.3433, 1803.2765][391.30533, 258.94043, 1745.7314][150.80852, 168.74591, 1776.2328][385.49945, 170.3891, 1767.3698][267.0666, 288.88257, 1739.2195][231.43011, 351.64307, 1734.4669][297.7611, 354.8225, 1697.3236][221.76477, 478.98608, 1739.9927][301.98392, 475.45105, 1761.2472][239.43504, 580.2479, 1829.8179][300.5472, 577.73975, 1845.9117]
45[275.58823, 132.88106, 1731.2201][269.11844, 225.89758, 1763.0844][218.724, 225.7235, 1792.2229][321.20663, 226.07751, 1733.9458][148.57866, 257.80893, 1807.3667][389.47574, 260.31326, 1751.7426][149.76663, 170.08662, 1774.7614][385.70047, 171.17227, 1774.1649][266.50937, 288.15723, 1739.2609][231.08255, 350.69687, 1733.7849][297.2811, 353.62683, 1697.0898][221.52216, 477.51724, 1742.6759][299.49988, 472.5036, 1770.2931][237.68716, 577.70264, 1836.6555][299.43536, 576.50867, 1846.3447]
46[275.3182, 132.90094, 1730.7465][268.98154, 226.0153, 1762.584][218.69275, 225.70259, 1791.0834][320.9233, 226.33832, 1734.0846][149.19771, 257.5067, 1811.8325][388.5709, 261.57138, 1756.0421][148.57715, 171.14261, 1781.0082][385.41602, 171.29825, 1781.7252][266.26315, 287.97186, 1739.048][230.81812, 350.12506, 1733.4521][296.81235, 353.16367, 1697.5718][220.83748, 476.46213, 1744.9108][300.50104, 470.07074, 1780.1824][238.10645, 575.88385, 1840.7932][299.55444, 575.8324, 1846.6456]
47[274.69406, 132.68996, 1730.1031][268.2715, 226.00131, 1762.5991][217.61188, 225.6775, 1789.7693][320.51743, 226.33525, 1735.429][151.04892, 259.40967, 1820.3956][388.06833, 262.26312, 1760.0814][146.27977, 173.23434, 1779.3829][385.24747, 172.7922, 1785.56][265.63013, 287.76117, 1739.1731][230.0325, 349.76123, 1732.8502][296.46295, 352.68298, 1698.6439][220.27896, 475.85706, 1745.4198][305.4243, 474.52747, 1752.8716][239.69418, 575.095, 1840.5541][300.21045, 577.73267, 1834.2499]
48[273.9098, 132.44064, 1729.6903][267.87042, 226.1255, 1762.002][217.19089, 225.8657, 1788.3291][320.08737, 226.39316, 1735.6748][150.84662, 259.24686, 1817.8755][387.53564, 262.5069, 1763.6189][143.6349, 175.99918, 1780.7649][386.448, 173.35495, 1785.4734][265.34805, 288.33572, 1738.6073][229.63773, 350.85782, 1731.8994][296.52682, 353.65533, 1698.5259][220.62259, 477.34244, 1742.2844][295.5494, 478.8611, 1734.5078][238.49786, 576.6918, 1837.8547][296.58362, 580.6023, 1825.095]
49[273.52252, 132.07169, 1729.0361][267.2684, 225.60054, 1761.0261][216.70207, 225.49147, 1786.5928][319.32462, 225.71283, 1735.4595][150.50452, 259.00238, 1816.0718][385.68292, 262.56308, 1771.5084][145.35994, 171.72275, 1785.4224][385.79706, 173.87119, 1787.3007][265.02548, 287.9828, 1738.5571][229.71753, 350.74515, 1732.29][296.3593, 353.27597, 1699.8865][220.0374, 477.13452, 1742.7014][295.42706, 479.81268, 1727.1924][238.15717, 576.8627, 1836.6298][296.12012, 582.3189, 1816.218]
50[273.97366, 132.28632, 1729.3434][267.4589, 225.51573, 1760.4054][216.91547, 225.19446, 1785.2765][319.45096, 225.84622, 1735.5343][150.2947, 258.6848, 1814.1105][385.0738, 263.10837, 1772.5703][144.92339, 172.80237, 1790.2664][386.27618, 175.30397, 1788.1174][265.0453, 287.8412, 1738.5588][229.7232, 350.3994, 1732.4181][296.0239, 353.13144, 1701.0065][219.7521, 476.85376, 1742.1672][299.54102, 479.62842, 1727.8507][238.26007, 576.94006, 1834.7012][298.55792, 581.8064, 1817.9349]
51[274.102, 132.5905, 1730.2965][267.1491, 225.3693, 1759.7982][216.47809, 225.06335, 1782.9617][319.1718, 225.6834, 1736.6348][149.88084, 258.83334, 1814.1946][383.87476, 263.04086, 1778.0262][144.0287, 170.67075, 1792.751][387.5671, 177.30975, 1783.9922][264.87402, 287.97705, 1738.3937][229.31914, 350.8638, 1731.7578][296.3418, 353.45004, 1702.2205][219.32787, 476.69568, 1745.9235][298.35367, 471.59497, 1775.9059][238.43082, 576.84875, 1837.1409][299.23944, 579.27985, 1834.269]
52[273.96304, 132.79391, 1730.4424][266.71252, 225.37378, 1759.7776][215.6778, 224.7999, 1780.9672][318.99124, 225.96164, 1738.588][149.57376, 259.16168, 1816.1238][384.7695, 263.21536, 1777.2267][142.89319, 169.84125, 1790.5852][387.46338, 177.20068, 1793.4154][264.14706, 287.57986, 1737.3179][227.93445, 350.0494, 1728.4054][295.6291, 352.8031, 1701.3109][219.6885, 475.1754, 1749.5819][298.88354, 472.0006, 1769.7832][239.10226, 575.3293, 1840.0875][299.15628, 580.3407, 1826.7935]
53[273.70493, 132.89285, 1730.2113][266.60468, 225.4615, 1759.5374][215.53687, 224.80307, 1780.2471][318.88898, 226.13562, 1738.8276][149.4162, 258.6823, 1818.4266][385.16916, 263.51718, 1776.8906][142.1301, 170.78119, 1789.9713][387.84726, 178.22417, 1792.1222][263.96484, 287.47482, 1737.0519][227.29384, 349.703, 1727.9508][295.752, 352.54858, 1701.182][219.63629, 474.64813, 1750.1805][300.39932, 473.61496, 1758.9443][239.41606, 574.7876, 1840.1735][298.94748, 582.7384, 1814.7162]
54[273.30133, 132.87973, 1729.478][266.41397, 225.48862, 1759.0669][215.3905, 225.05162, 1779.6312][318.64456, 225.93594, 1738.5026][149.56946, 259.96667, 1822.478][385.46115, 263.28882, 1776.1561][143.34245, 168.98148, 1792.3362][388.4566, 178.68544, 1792.4912][264.05618, 287.7433, 1736.7749][227.71402, 350.35596, 1727.7711][296.0901, 352.89746, 1701.1947][219.03235, 475.67963, 1750.1602][293.88034, 477.12433, 1743.8722][238.77582, 578.0162, 1833.0511][295.21658, 585.51086, 1807.8899]
55[273.09073, 132.82552, 1729.4724][266.11234, 225.5198, 1758.3169][215.14949, 225.18806, 1778.8389][318.27884, 225.85938, 1737.7949][149.2709, 259.97726, 1822.1533][385.34558, 263.3893, 1775.5035][142.93886, 167.92737, 1786.2368][388.94092, 178.97752, 1788.8235][263.88205, 287.7366, 1736.0747][227.9964, 350.3897, 1726.9807][295.71082, 352.76508, 1700.6843][218.40936, 475.19705, 1751.9703][290.7956, 471.4831, 1772.8314][238.09729, 578.10156, 1831.9642][295.25247, 582.22284, 1819.6577]
56[272.92078, 132.53792, 1730.0485][265.93454, 225.47186, 1758.1797][214.88544, 225.19008, 1777.4415][318.1146, 225.75989, 1738.9178][148.99443, 260.0798, 1821.7805][385.42834, 263.39563, 1775.9734][142.28787, 172.9539, 1776.2631][389.1106, 178.67337, 1787.4625][263.80493, 287.82846, 1735.5737][227.93098, 350.74033, 1725.3175][295.79648, 352.93735, 1700.618][218.19821, 475.00128, 1753.6486][291.14066, 470.81717, 1776.5957][238.00725, 578.42065, 1830.7169][294.97272, 580.7341, 1825.7559]
57[272.72144, 132.3035, 1730.519][265.95728, 225.35597, 1758.5908][214.89182, 225.14484, 1777.376][318.1255, 225.57167, 1739.8057][149.96053, 261.72055, 1824.2133][385.11234, 263.4567, 1777.1388][142.26959, 170.56845, 1765.8878][390.25696, 179.89731, 1773.6104][263.92288, 287.65656, 1735.7456][228.39783, 350.6061, 1724.847][295.74023, 352.64612, 1700.9537][220.73996, 441.59875, 1744.6891][291.84723, 471.97684, 1769.5248][244.1949, 567.82996, 1833.8477][295.28082, 580.541, 1826.2997]
58[272.63562, 132.34665, 1730.3557][266.00787, 225.36955, 1758.4526][214.75949, 225.06975, 1775.0442][318.2325, 225.67508, 1741.8611][149.30835, 260.9743, 1820.171][385.07983, 263.73572, 1779.2217][144.5519, 172.18935, 1747.3971][390.3608, 177.11865, 1766.5656][263.92053, 287.2151, 1734.4524][228.39398, 349.83655, 1720.9377][295.567, 351.7677, 1699.9666][220.21616, 440.13727, 1748.2266][293.57022, 470.95105, 1770.1656][245.10513, 564.3283, 1828.9072][295.55508, 579.8795, 1825.4509]
59[272.6005, 132.38998, 1730.4149][266.12296, 225.46431, 1758.8441][214.66234, 225.03957, 1770.9263][318.29547, 225.89494, 1746.762][148.54697, 260.6199, 1815.6653][385.15466, 263.81094, 1782.1343][145.83942, 170.38998, 1721.5421][388.5348, 176.83899, 1746.0375][263.99567, 285.77533, 1731.7681][227.83566, 347.16962, 1712.4073][296.07477, 348.8424, 1696.9767][217.44019, 468.6364, 1762.5311][297.2029, 467.8255, 1770.0403][240.23125, 573.1084, 1832.2184][295.4954, 577.1335, 1823.999]
60[272.46365, 132.53151, 1730.7922][266.32617, 225.43048, 1759.4712][215.18282, 224.9916, 1774.0529][318.3243, 225.87671, 1744.8895][147.13838, 259.66684, 1809.8455][385.5459, 263.85086, 1778.3011][148.73451, 172.73056, 1705.1718][385.04416, 175.74814, 1726.8824][264.08557, 286.34207, 1733.5977][228.03203, 348.13843, 1717.043][295.89246, 350.07092, 1698.4053][216.7192, 470.40454, 1760.4602][298.99454, 469.84454, 1766.7653][237.13782, 573.2968, 1838.8069][294.6292, 578.4231, 1824.341]
61[272.4612, 133.01547, 1732.1995][266.48218, 225.59369, 1760.0317][215.34534, 225.14786, 1775.5139][318.5266, 226.04741, 1744.5496][145.76091, 258.65155, 1802.8582][387.79315, 263.5648, 1764.8612][155.24258, 170.89102, 1685.8795][380.09323, 175.59865, 1697.5912][264.1892, 286.6432, 1734.2867][227.98369, 348.52145, 1718.4669][296.06607, 350.55548, 1698.6166][219.73314, 439.41394, 1745.4453][298.1089, 471.91397, 1757.792][245.79675, 562.0902, 1836.7386][294.10168, 579.36383, 1821.7537]
62[272.6922, 133.3685, 1733.8015][266.7213, 225.54796, 1761.6782][215.72713, 225.27283, 1779.1489][318.73703, 225.82858, 1744.2075][144.60046, 257.54877, 1785.5494][387.937, 263.41263, 1755.3853][160.48085, 174.9305, 1665.372][371.67575, 178.98782, 1663.0962][264.4379, 286.8334, 1734.8744][227.98305, 349.03995, 1719.3707][296.63684, 351.058, 1696.7704][217.9542, 471.64874, 1759.8618][297.6554, 471.27606, 1762.6667][240.27979, 576.34753, 1828.9106][294.24243, 577.86084, 1829.1506]
63[272.90576, 133.88457, 1735.7502][267.05276, 225.32228, 1763.0688][216.0068, 225.0144, 1780.6593][319.1276, 225.63635, 1745.4784][146.86913, 256.99042, 1768.2449][385.01764, 263.79504, 1739.3501][169.85066, 175.79852, 1649.544][362.96823, 178.56664, 1640.6024][264.67352, 286.50198, 1735.4343][228.21169, 348.6373, 1719.1238][296.67682, 350.69962, 1696.4758][219.1362, 470.9767, 1762.1134][289.9401, 476.96875, 1727.1078][240.54134, 576.28595, 1828.8718][292.88406, 577.30383, 1825.3925]
64[273.07294, 134.23822, 1738.0145][267.59332, 224.74593, 1766.8833][216.76382, 224.31166, 1785.1837][319.48676, 225.18929, 1748.5829][147.06885, 258.02695, 1759.887][383.43475, 262.3604, 1733.4001][177.82768, 176.91617, 1633.3154][349.16766, 181.0686, 1616.6185][264.90088, 286.21405, 1737.5968][228.20096, 348.6434, 1720.0887][296.50226, 350.95197, 1696.5319][221.08118, 470.50226, 1764.8756][291.1239, 472.08368, 1755.5492][241.08417, 574.7727, 1835.2107][294.69052, 577.8423, 1826.3636]
65[273.19382, 134.48914, 1739.801][268.12805, 224.22244, 1768.1119][217.62375, 223.65042, 1789.5563][319.8725, 224.80852, 1746.6676][149.5888, 258.75876, 1755.2993][381.7462, 263.05325, 1721.1779][188.2985, 178.27486, 1618.2865][335.97003, 179.63644, 1595.1301][265.04196, 288.22363, 1739.2872][228.35101, 352.96576, 1724.188][295.89465, 355.82098, 1696.737][223.82135, 481.62778, 1724.0193][295.23584, 471.55792, 1783.0695][242.22073, 581.27954, 1820.5248][295.75574, 580.57776, 1833.2145]
66[273.30667, 134.74242, 1741.7401][268.1817, 223.99936, 1767.5771][217.60918, 223.46046, 1789.4879][320.0238, 224.55177, 1745.6664][153.44531, 259.2491, 1743.2278][378.4135, 267.54755, 1699.6066][198.69998, 181.01495, 1602.9869][323.68002, 183.20561, 1578.9327][265.11157, 287.46786, 1738.7412][228.32698, 351.66638, 1723.9553][296.10568, 354.5111, 1695.8552][224.71635, 478.9157, 1733.4569][296.28583, 466.71063, 1799.5056][243.00827, 579.2695, 1825.6277][295.35617, 577.12024, 1839.2072]
67[274.04248, 136.10028, 1750.548][268.70526, 223.56439, 1772.5177][218.82758, 223.01859, 1799.0684][320.09995, 224.1268, 1745.967][156.98108, 259.6114, 1738.3021][372.07343, 265.96976, 1655.2556][211.6626, 185.03854, 1598.7035][308.99634, 183.7797, 1576.2968][265.15277, 288.2574, 1742.3104][227.62132, 353.54022, 1729.4639][296.0221, 356.96082, 1694.7424][218.02887, 487.76825, 1678.5853][298.12997, 472.95688, 1779.6747][240.5824, 582.2053, 1799.2065][296.01797, 581.1232, 1833.6544]
68[274.02466, 135.83801, 1751.285][270.58923, 224.1814, 1788.866][221.16376, 223.88051, 1820.7378][321.80786, 224.49321, 1756.9941][163.14978, 259.56213, 1726.2623][367.45813, 267.56003, 1639.2793][222.9132, 186.03018, 1592.1693][301.8949, 189.1052, 1567.8645][266.09995, 287.53714, 1748.5874][227.98813, 352.13666, 1728.833][295.62234, 355.66672, 1687.7847][221.82031, 448.53467, 1695.5913][299.28314, 472.1473, 1770.7974][247.56458, 560.1383, 1842.2349][296.90878, 579.0414, 1830.9517]
69[274.63342, 136.33899, 1756.3438][272.85016, 224.30367, 1804.121][224.40903, 224.19437, 1838.2037][323.15683, 224.41716, 1770.0382][168.82803, 261.59198, 1713.3644][358.09573, 266.80673, 1630.6846][230.36815, 189.38324, 1580.9128][293.48093, 190.25537, 1572.7817][267.37723, 285.32748, 1752.8169][228.65363, 348.36557, 1723.322][295.34976, 351.74026, 1679.7036][216.98128, 474.21252, 1738.7473][297.65604, 468.4499, 1767.1754][244.26147, 570.47144, 1841.0352][297.01144, 576.71643, 1824.5685]
70[274.99402, 136.53976, 1759.9362][273.20358, 224.54515, 1808.4482][225.21977, 224.88083, 1846.4335][323.2464, 224.19507, 1770.463][177.41226, 265.2463, 1720.7676][352.0711, 268.3504, 1622.1732][235.13957, 197.2532, 1583.23][286.59814, 199.42996, 1572.4452][267.53595, 284.42108, 1754.2125][229.25131, 346.62686, 1723.9371][294.68427, 349.65088, 1676.0165][219.90024, 471.1836, 1749.4257][302.97888, 471.24765, 1739.6586][244.09236, 570.245, 1841.5647][298.45337, 576.32465, 1816.3542]
71[275.8077, 136.47455, 1770.1636][272.90363, 224.63145, 1808.0048][225.22165, 225.28384, 1847.9677][322.74112, 223.94958, 1768.0419][185.12181, 273.06882, 1687.0128][344.89374, 269.58618, 1620.7786][244.69714, 194.8261, 1587.6057][278.15723, 187.11966, 1577.1697][267.36868, 283.7005, 1753.8856][229.53087, 345.19482, 1724.8912][294.39038, 347.90723, 1674.6417][220.7775, 468.91302, 1755.4769][301.2748, 468.84677, 1742.8767][242.55115, 569.9894, 1840.0382][298.30524, 574.8451, 1815.6439]
72[276.44202, 136.7215, 1776.7516][272.31265, 224.26544, 1802.5829][224.25253, 224.5921, 1838.7823][322.34265, 223.92538, 1766.3834][192.78064, 273.14688, 1662.0983][340.81454, 270.21158, 1617.1614][247.34694, 201.30832, 1583.9423][275.25403, 195.7406, 1565.15][267.04837, 283.24887, 1750.8522][229.14546, 344.4281, 1722.0199][294.66464, 347.25778, 1676.223][221.34787, 467.24377, 1758.3124][299.73877, 472.18286, 1720.8499][243.43274, 567.70654, 1843.7863][298.60968, 575.41736, 1808.0786]
73[276.6031, 136.65192, 1781.51][272.10626, 224.01901, 1801.4493][223.86537, 224.13765, 1834.4169][322.14572, 223.89597, 1768.4818][198.04199, 274.42853, 1649.268][338.5482, 271.4824, 1615.0774][256.14392, 199.60175, 1585.785][271.35208, 190.40675, 1566.6731][266.97778, 282.97064, 1749.9719][228.94974, 344.0955, 1719.4523][294.94144, 346.93082, 1677.5367][222.14761, 466.6903, 1758.5151][299.79483, 472.07257, 1720.2974][244.07397, 566.0134, 1848.6581][298.78778, 575.536, 1806.7118]
74[276.569, 136.26347, 1784.5979][272.2499, 223.33894, 1797.0302][224.38205, 223.17017, 1825.9995][321.68637, 223.51324, 1768.0608][204.49655, 275.28726, 1642.3536][337.26947, 272.74365, 1614.3425][264.58347, 192.28848, 1590.5171][277.28864, 212.44498, 1558.3336][267.36606, 282.45444, 1747.7253][229.76085, 343.57507, 1716.9409][295.35168, 346.46075, 1679.9001][222.80481, 465.9156, 1759.0325][300.12915, 469.17535, 1736.0317][244.62187, 564.7726, 1851.4175][298.053, 573.58325, 1815.9608]
75[276.526, 136.09094, 1786.9855][271.83597, 222.65138, 1800.1392][224.28816, 222.73405, 1827.4296][320.8476, 222.56618, 1772.8488][207.31277, 274.72604, 1638.5894][335.43372, 273.5203, 1613.9954][266.45578, 190.58444, 1590.8142][277.17944, 212.61807, 1562.0487][267.31845, 281.77048, 1749.7147][230.17981, 343.2138, 1716.7864][295.55905, 345.60712, 1681.7942][225.36957, 464.46112, 1766.4442][299.82648, 467.71204, 1740.9758][245.67392, 564.1343, 1855.1047][297.85193, 572.6562, 1818.0127]
76[276.66693, 136.03328, 1788.4958][272.47836, 221.52496, 1798.4309][225.29356, 221.07425, 1822.1232][320.923, 221.9877, 1774.7386][208.74008, 273.56876, 1640.0352][334.5757, 272.96014, 1611.4922][266.7707, 193.60867, 1592.104][279.51096, 213.17857, 1560.057][267.78568, 280.89954, 1749.3422][230.52795, 342.3031, 1715.5612][295.7028, 345.1275, 1684.9457][226.6577, 462.38647, 1770.9452][298.34387, 463.68256, 1760.4724][245.59105, 562.7732, 1855.49][297.44766, 570.56116, 1824.2925]
77[276.80072, 136.04065, 1793.4862][272.68924, 221.50128, 1797.8176][225.49625, 221.00243, 1821.1122][321.12128, 222.01321, 1774.5231][209.31818, 272.50006, 1637.235][335.43048, 272.41962, 1609.9954][269.49326, 188.18478, 1594.5189][264.25922, 191.80606, 1565.7595][268.0638, 280.7011, 1749.684][231.02863, 341.84592, 1716.5461][295.89645, 344.6795, 1686.5544][225.107, 463.3969, 1762.549][306.30884, 464.84058, 1751.3142][245.72678, 561.73486, 1856.356][300.3603, 570.0974, 1823.3558]
78[276.6175, 135.90054, 1790.3518][272.91022, 221.71909, 1801.4153][225.80695, 221.44748, 1825.5741][321.2941, 221.99808, 1777.2565][208.57622, 271.68524, 1635.9382][336.5809, 271.47253, 1609.5232][279.03793, 220.05501, 1575.1707][265.7308, 185.0811, 1570.9153][268.38208, 280.79477, 1751.9469][231.53404, 342.0203, 1717.9918][296.23718, 344.61035, 1686.9652][222.19969, 466.48804, 1743.8246][303.7551, 465.0923, 1750.8151][242.77725, 562.893, 1848.6439][299.78217, 570.20874, 1823.8557]
79[276.6049, 135.71552, 1791.618][273.17963, 221.54782, 1800.4036][225.77393, 220.9528, 1820.342][321.6471, 222.15616, 1780.4651][208.93379, 271.26273, 1632.6907][337.29373, 271.68262, 1611.0873][275.8319, 221.42609, 1552.846][266.4786, 187.68456, 1571.1785][268.75772, 280.15714, 1750.8599][231.99474, 340.8803, 1714.0491][296.64566, 343.49927, 1688.5833][220.92247, 465.73853, 1736.2866][282.93045, 477.3851, 1656.9941][240.3169, 562.08545, 1842.5349][292.89447, 571.86975, 1784.0233]
80[276.57846, 135.47418, 1795.1935][273.4238, 221.56879, 1802.0399][226.2092, 221.027, 1822.2721][321.71066, 222.12288, 1781.8077][209.61206, 270.27286, 1629.5961][337.4825, 271.8627, 1610.4906][276.851, 220.79793, 1552.519][266.4402, 187.37581, 1570.2562][269.01147, 280.1159, 1752.1718][232.22966, 340.81195, 1715.2834][296.9451, 343.39423, 1689.3237][221.13861, 465.3919, 1738.2158][291.56992, 472.0157, 1700.9421][239.16614, 562.4337, 1841.8134][296.563, 569.4502, 1811.3882]
81[276.4382, 135.70166, 1793.0312][273.77353, 221.5748, 1801.0536][226.58931, 220.79091, 1819.6776][321.9438, 222.37508, 1782.4296][209.48975, 269.41986, 1626.5676][337.90735, 272.27313, 1610.3826][273.8296, 207.814, 1569.2402][266.12518, 186.07446, 1571.7095][269.3869, 280.55423, 1753.269][232.51654, 341.4524, 1717.5182][297.4505, 344.2446, 1693.4508][223.66617, 466.5888, 1736.9991][301.65137, 456.38623, 1796.5286][239.97849, 562.9762, 1843.7135][298.7236, 565.829, 1838.672]
82[276.2622, 135.88202, 1795.885][273.68652, 221.99112, 1803.1157][226.44504, 221.32045, 1823.1934][321.9919, 222.6769, 1783.0381][208.46036, 267.90143, 1622.589][338.1208, 272.9885, 1608.6571][262.29022, 187.94208, 1566.2677][280.88763, 217.17188, 1565.7356][269.2176, 281.0419, 1754.3073][232.23756, 342.09827, 1718.4474][297.24167, 344.86783, 1692.5502][227.05396, 466.92218, 1741.0349][300.84988, 457.35736, 1794.1201][240.6611, 563.6991, 1846.2158][298.52283, 566.1286, 1840.0225]
83[276.13382, 136.0729, 1796.0033][273.96338, 222.10683, 1805.2136][227.04724, 221.45784, 1828.3286][322.09662, 222.77264, 1782.0986][207.28351, 266.34378, 1626.1744][338.13098, 273.68674, 1604.1622][258.3341, 184.932, 1572.0725][277.57474, 215.67416, 1548.8047][269.30908, 280.96445, 1758.1436][231.93129, 341.54904, 1726.2155][297.4459, 344.59857, 1695.9315][227.77484, 466.96796, 1740.2152][301.23303, 456.79172, 1797.1393][241.20345, 565.27515, 1839.1328][298.9238, 564.10913, 1848.2677]
84[275.91287, 136.29744, 1794.8568][274.46802, 222.47058, 1809.0273][229.00793, 222.35779, 1843.018][321.66913, 222.5877, 1775.0367][199.98383, 254.57074, 1630.4034][337.51956, 274.17032, 1596.0375][256.21307, 174.21556, 1577.2522][273.08377, 214.36942, 1530.707][269.78503, 281.54477, 1767.5363][232.06021, 341.7602, 1749.4272][298.59503, 345.2045, 1702.6631][226.64207, 469.71332, 1730.9858][302.12143, 457.03052, 1803.5067][239.45953, 568.7883, 1828.5331][298.97433, 563.19666, 1858.1006]
85[275.61307, 136.67398, 1794.561][274.50705, 222.77164, 1809.5343][228.57394, 222.44461, 1841.4282][322.08838, 223.1104, 1777.6404][189.23253, 243.3581, 1624.2836][337.72552, 274.97437, 1597.7557][253.20447, 152.15161, 1570.4324][269.26776, 220.41585, 1529.7506][269.65958, 281.4361, 1766.5171][231.50507, 341.2877, 1745.3427][298.48404, 344.815, 1701.6571][225.88583, 468.06775, 1737.947][301.59964, 456.45703, 1803.3352][240.72426, 567.0178, 1833.8606][299.02853, 562.39636, 1858.7291]
86[275.9717, 137.19144, 1794.7904][274.43933, 222.85295, 1808.4142][228.01268, 222.40546, 1836.7812][322.3457, 223.31471, 1780.0471][182.24452, 230.41573, 1624.0049][337.877, 275.75845, 1602.1995][250.63486, 137.64844, 1566.5771][267.60675, 226.66794, 1532.546][269.6736, 281.2469, 1763.6138][231.99588, 341.06268, 1737.7567][298.051, 344.34314, 1699.87][225.34363, 466.0194, 1748.0735][300.9485, 456.71063, 1798.9733][241.071, 565.6893, 1839.2822][299.24557, 561.44006, 1861.1882]
87[276.04193, 137.50769, 1793.8702][274.7217, 222.54585, 1808.5394][228.40205, 221.95877, 1835.8657][322.4626, 223.15094, 1781.2131][179.13498, 223.61467, 1622.0807][338.47324, 277.40277, 1605.9694][244.25226, 128.6301, 1559.4467][268.84814, 237.778, 1528.7213][269.83997, 280.96735, 1763.251][232.14075, 340.79614, 1736.1871][297.9591, 344.1777, 1699.7379][224.94675, 464.4348, 1756.1011][305.35202, 454.25055, 1809.1846][239.92091, 565.7606, 1839.4209][299.9141, 560.0404, 1863.7179]
88[276.05225, 137.45746, 1794.9685][274.68042, 222.43443, 1807.2518][228.4432, 221.51927, 1835.1486][322.36743, 223.37828, 1779.3551][177.75528, 210.08495, 1635.9854][339.9561, 279.95074, 1623.0885][240.19824, 111.02527, 1560.6895][262.91705, 245.30666, 1526.8018][269.61075, 281.2586, 1765.4788][231.3183, 340.96805, 1742.6641][298.0059, 344.94345, 1704.7473][224.52592, 465.4668, 1753.6128][305.74216, 448.2447, 1843.0923][238.86053, 567.13525, 1836.162][300.73767, 558.76294, 1865.4735]
89[276.0758, 137.26074, 1794.6509][274.21243, 221.64665, 1803.3064][227.73889, 220.47836, 1828.9436][322.02643, 222.84865, 1777.6692][175.96677, 195.1915, 1625.4318][344.32724, 275.17487, 1661.9924][234.11893, 97.2435, 1559.1362][266.2377, 259.2265, 1518.2389][269.21832, 281.0901, 1764.0544][231.06027, 341.19684, 1742.1635][297.60333, 345.32285, 1707.4415][225.56168, 465.56415, 1754.7803][307.946, 451.7763, 1830.2965][239.37253, 567.4241, 1836.4384][300.7068, 561.8546, 1858.0084]
90[276.0561, 136.84001, 1793.7625][272.31564, 220.39554, 1794.2753][223.98068, 219.25055, 1814.4254][321.74857, 221.56654, 1774.1251][173.97592, 181.6364, 1614.8842][346.3479, 276.15833, 1665.1925][231.20844, 80.75859, 1567.8651][272.57144, 276.47473, 1511.6423][268.26672, 280.8789, 1760.3516][230.92572, 342.01212, 1739.6968][297.70486, 345.4931, 1713.1589][225.90376, 466.45126, 1753.1552][311.84125, 448.34277, 1848.919][242.15736, 566.8185, 1840.1096][301.12756, 560.33905, 1859.3307]
91[276.15875, 136.76744, 1793.7805][272.8879, 221.11667, 1797.764][225.37723, 220.23456, 1818.3333][321.49835, 222.01921, 1777.1948][177.30054, 173.2749, 1632.2316][351.11688, 285.2112, 1688.5769][227.49826, 70.33017, 1574.1393][276.32898, 295.90363, 1507.3644][269.21252, 282.3546, 1765.4618][231.86069, 344.25336, 1747.1364][299.4849, 347.5235, 1719.1827][237.06622, 446.94604, 1762.7771][312.4127, 451.03207, 1850.3759][246.73221, 561.3086, 1855.1049][299.81906, 563.7783, 1854.9663]
92[276.2932, 136.65353, 1793.5923][272.65897, 221.1001, 1793.2537][225.55399, 220.29051, 1815.7804][320.9625, 221.93027, 1770.7269][179.65428, 165.01, 1657.1504][354.20584, 288.49307, 1706.8383][227.6607, 56.27089, 1581.7677][287.7573, 316.88287, 1512.3081][269.19653, 282.62457, 1765.1389][232.9949, 344.50244, 1752.108][298.8207, 347.80768, 1721.9403][275.6105, 469.08746, 1677.2384][312.73892, 452.08124, 1848.5303][260.31952, 560.7612, 1806.6786][300.47516, 565.59204, 1849.7327]
93[276.38834, 136.51413, 1793.124][272.6122, 220.8627, 1789.7621][225.61414, 220.0377, 1812.3628][320.8124, 221.7088, 1767.1614][181.63972, 159.53738, 1685.3629][354.67715, 289.49402, 1714.4392][226.63332, 44.979416, 1594.0895][293.74384, 337.1477, 1513.9108][269.38266, 282.60406, 1765.3109][234.16483, 344.45724, 1755.7455][298.51022, 347.7303, 1725.974][258.36194, 436.67596, 1678.4135][314.7941, 461.37158, 1804.6517][247.60684, 558.08875, 1855.6068][301.0564, 571.1681, 1837.8302]
94[276.35284, 136.08832, 1791.7716][272.62372, 220.12312, 1785.9183][225.15182, 219.215, 1804.5588][321.09702, 221.0504, 1767.2778][183.2922, 156.53226, 1693.0759][353.75446, 289.65088, 1720.9789][225.35233, 43.54924, 1609.7554][300.34204, 357.26944, 1522.607][269.74615, 282.74393, 1764.6898][234.6783, 345.38733, 1755.7482][299.37476, 348.4134, 1731.1744][247.72478, 426.34317, 1691.5557][309.3465, 468.12244, 1777.2805][250.11798, 556.9462, 1854.1732][298.4217, 574.9772, 1831.8665]
95[276.2719, 135.77274, 1790.2886][272.57742, 219.40515, 1784.0414][224.67815, 218.19257, 1800.0042][321.34164, 220.63965, 1768.0786][185.96407, 152.07077, 1692.1837][349.01782, 291.2256, 1731.5408][222.21982, 39.237106, 1617.4607][306.94205, 376.27878, 1540.4849][269.72998, 282.406, 1767.2539][235.31743, 345.07373, 1760.7495][298.71085, 348.1749, 1740.1833][238.6419, 434.7765, 1723.8533][304.02386, 470.81653, 1765.8212][250.72137, 554.68805, 1855.2494][298.07605, 576.2613, 1830.5126]
96[276.04733, 135.56952, 1787.6729][272.5922, 219.34775, 1782.9103][224.66116, 218.12926, 1800.8782][321.49915, 220.59106, 1764.9424][188.302, 149.46014, 1691.9305][347.98236, 290.61035, 1731.6924][221.1603, 37.638977, 1637.0516][312.744, 389.31076, 1555.5095][269.62106, 282.0429, 1765.7155][235.38605, 344.3533, 1759.9672][298.20828, 347.6103, 1737.0741][237.50134, 435.32788, 1726.4073][277.36734, 476.43433, 1704.9987][249.95111, 552.4458, 1860.331][287.71536, 580.49316, 1787.3225]
97[275.80707, 135.5186, 1786.8198][272.73065, 219.28629, 1782.7227][224.96088, 218.06601, 1801.3011][321.5066, 220.53224, 1764.1442][191.72131, 146.95796, 1689.9198][345.8912, 290.9011, 1733.6508][218.1258, 37.5119, 1643.5919][316.0884, 393.8945, 1578.6223][269.74097, 282.10645, 1765.9136][235.5072, 344.48108, 1760.9774][298.3067, 347.80954, 1737.2316][237.53531, 434.45883, 1730.8851][287.76648, 479.3289, 1691.5035][249.99905, 551.07874, 1859.926][293.20074, 581.1384, 1785.4495]
98[275.41434, 135.36624, 1785.5524][272.75095, 218.95648, 1778.4829][225.51062, 217.72205, 1799.7275][321.13354, 220.22075, 1757.2383][197.52843, 145.45892, 1694.9364][344.9819, 290.75598, 1737.5068][217.3704, 34.299606, 1648.5803][318.66226, 392.27658, 1596.4758][269.6672, 282.04535, 1763.074][235.84921, 344.46643, 1761.1877][297.6874, 348.05478, 1734.1423][246.17299, 468.64243, 1762.3011][295.99408, 480.25705, 1687.6145][252.49367, 568.8982, 1849.2223][296.4984, 580.61414, 1787.5262]
99[275.3142, 135.45523, 1783.8772][273.35474, 218.73439, 1776.3975][226.41998, 217.20027, 1798.0612][321.4484, 220.30638, 1754.7338][198.52667, 144.28845, 1695.3054][346.02448, 284.9086, 1761.3035][215.47977, 33.49179, 1656.8706][320.26175, 389.67108, 1610.4752][269.8459, 282.0931, 1761.2988][235.78372, 344.5467, 1760.0018][297.25488, 348.58017, 1732.3986][237.92325, 468.91898, 1763.0981][294.61462, 478.29456, 1709.2715][250.16293, 567.6229, 1854.7319][296.28348, 583.35706, 1787.4398]
100[275.01392, 135.08331, 1779.8328][273.86255, 218.60574, 1775.72][227.43976, 216.77644, 1796.1743][321.36728, 220.47768, 1755.2656][201.08463, 142.01569, 1703.2896][346.72244, 282.14764, 1780.7987][214.9411, 31.426544, 1660.3636][321.12842, 389.0108, 1608.8068][269.98056, 282.08344, 1760.7356][235.56116, 344.48883, 1758.9238][296.966, 348.8456, 1732.5786][239.50859, 451.39737, 1769.6279][293.70038, 478.66583, 1709.2898][251.15506, 550.5322, 1866.8674][295.81192, 584.3712, 1785.3081]
101[274.80194, 135.2058, 1778.0089][273.7969, 218.82231, 1776.1519][227.23206, 216.91856, 1795.2925][321.37628, 220.76753, 1757.0112][201.59058, 141.34619, 1703.8948][345.1918, 280.75235, 1789.5194][213.10815, 30.971695, 1660.4103][319.4006, 386.3405, 1613.0887][269.9196, 282.31662, 1761.6198][235.6041, 344.7311, 1759.3447][296.7806, 349.03348, 1734.8306][241.19745, 450.78943, 1776.7495][294.61276, 478.56293, 1712.243][253.36392, 548.66895, 1873.4414][297.2095, 584.7285, 1785.5846]
102[274.669, 135.3817, 1777.3508][273.8776, 218.7564, 1776.3091][226.84677, 216.78595, 1790.871][321.68588, 220.75941, 1761.7472][199.89139, 141.27045, 1696.2987][345.32608, 281.098, 1799.4287][213.04166, 30.243332, 1656.5251][318.4555, 390.23077, 1610.6555][270.38556, 282.34213, 1765.8143][236.00967, 344.71143, 1764.7412][298.02682, 348.68628, 1745.898][242.64604, 465.93143, 1787.4854][305.76352, 477.76917, 1717.5839][254.95276, 563.1425, 1880.4877][301.50464, 583.08057, 1792.6714]
103[274.5705, 135.28232, 1776.5796][273.91394, 218.2557, 1775.4841][226.80087, 216.19063, 1789.6094][321.78265, 220.35391, 1761.3589][198.67471, 141.13522, 1695.211][345.31995, 282.3667, 1796.6257][212.89374, 30.696228, 1659.4707][315.93716, 390.67047, 1595.2181][270.29523, 282.2491, 1765.0569][235.80293, 344.98428, 1763.7507][297.78632, 349.04306, 1745.5085][242.63063, 466.00183, 1788.7593][301.55536, 478.67395, 1714.9789][256.7021, 564.506, 1875.8599][300.74323, 584.4637, 1789.2765]
104[274.45398, 135.49911, 1776.5043][273.82617, 218.25497, 1776.0979][226.27582, 215.17212, 1786.2003][321.92056, 221.37308, 1765.9955][192.6586, 138.97664, 1689.6562][343.07117, 291.90262, 1777.0028][214.5333, 30.878677, 1655.2086][313.50195, 391.64862, 1583.112][268.74658, 283.7012, 1762.1204][230.21448, 347.50348, 1755.1179][297.2244, 352.90613, 1741.1677][240.55676, 467.12744, 1791.7188][300.347, 483.5266, 1705.5854][256.20187, 564.2909, 1882.8201][299.193, 589.52295, 1780.4285]
105[274.49646, 135.71628, 1775.5167][273.53854, 218.1601, 1775.6278][225.81131, 215.47607, 1785.8591][321.819, 220.87523, 1765.3965][186.2649, 141.51826, 1691.0653][343.4552, 292.2274, 1775.2753][218.7679, 34.070953, 1649.0532][309.12085, 387.83862, 1564.6421][269.08932, 283.08923, 1762.5659][232.32016, 346.66504, 1756.3112][297.07916, 351.32892, 1742.6969][238.27542, 467.1817, 1787.2675][292.5706, 484.65027, 1676.8297][255.46072, 564.1405, 1878.9515][296.23212, 587.6317, 1768.3584]
106[274.6313, 135.50221, 1774.5432][273.21906, 217.91702, 1775.896][225.22774, 215.5038, 1783.298][321.61212, 220.35043, 1768.494][178.73958, 145.39587, 1692.6218][342.62897, 292.7508, 1768.6287][222.35464, 46.896194, 1640.83][305.48468, 381.52368, 1542.3738][269.37384, 282.78412, 1765.0419][233.00253, 346.45276, 1759.1326][298.14313, 350.46643, 1749.2429][236.61722, 467.3842, 1786.7239][287.46204, 484.28473, 1666.5526][253.86803, 564.23584, 1879.0507][293.9698, 586.21924, 1763.8347]
107[274.88513, 135.39618, 1774.3477][273.09253, 217.91855, 1776.0758][225.17604, 215.69862, 1785.506][321.5206, 220.16219, 1766.6456][172.28969, 155.84702, 1707.9581][352.3705, 290.03418, 1775.698][223.6424, 66.42871, 1630.4717][301.95633, 367.73557, 1535.1567][269.40256, 282.64594, 1764.601][233.34842, 346.25772, 1759.3982][298.21216, 350.19763, 1746.854][235.64087, 467.74866, 1783.2366][292.21234, 484.19196, 1667.7982][255.24237, 564.4326, 1875.6832][295.57764, 583.9097, 1772.8647]
108[275.2963, 135.35252, 1773.2166][272.93646, 217.9466, 1776.2285][224.75589, 215.77457, 1786.0472][321.65265, 220.14276, 1766.4098][165.00797, 163.26047, 1695.0444][355.38025, 291.6548, 1776.4583][227.5262, 84.32564, 1620.0646][300.90076, 352.18347, 1512.7253][269.28702, 282.611, 1764.1508][233.21906, 346.22516, 1758.5734][298.19656, 350.12314, 1745.5726][234.87115, 467.41687, 1784.6709][304.2621, 477.75256, 1730.1658][254.68434, 562.5533, 1882.9004][297.46304, 582.2206, 1804.912]
109[275.29852, 135.30496, 1772.4868][272.7481, 217.99846, 1775.2719][224.35034, 216.1591, 1788.3643][321.86502, 219.86514, 1762.1794][162.19237, 170.13895, 1690.8806][354.7911, 293.8113, 1763.8423][231.45044, 104.72296, 1604.4679][303.55255, 332.75214, 1519.0759][269.32077, 282.67737, 1761.3429][232.92233, 346.48517, 1756.1672][299.0867, 350.30872, 1738.6606][242.57059, 472.89142, 1739.932][309.88263, 473.93958, 1752.6476][252.87616, 563.30414, 1865.5513][298.96094, 581.25635, 1808.8853]
110[275.5687, 135.27979, 1772.1202][273.03082, 218.1014, 1775.144][225.03879, 216.67203, 1794.8096][322.0981, 219.56279, 1755.4785][161.44325, 186.60751, 1688.9752][355.09317, 292.80362, 1743.7223][235.49313, 127.26205, 1590.9294][297.69748, 313.41565, 1490.3066][269.534, 282.45804, 1756.6561][232.88559, 346.21304, 1751.4159][299.54803, 350.1847, 1724.9205][240.05298, 470.33447, 1757.0363][318.47037, 467.61563, 1777.48][252.2102, 560.61206, 1880.1912][304.87695, 577.02234, 1817.3733]
111[276.4332, 135.53732, 1771.7961][273.24747, 218.40155, 1776.1624][225.56903, 216.88858, 1798.3138][322.13016, 219.95273, 1754.0109][160.69418, 196.45801, 1690.1969][357.8555, 289.77792, 1737.23][234.78464, 146.5558, 1575.3425][296.9009, 295.71686, 1493.3566][269.31992, 282.46893, 1755.2208][231.91953, 345.9016, 1749.396][299.26248, 350.3039, 1719.1626][229.26859, 469.65002, 1759.8591][315.82883, 433.64957, 1773.3087][252.11069, 559.6916, 1879.3573][298.7166, 565.26953, 1815.0685]
112[276.8003, 135.51385, 1773.2227][273.4292, 219.30627, 1779.6599][226.40388, 217.80997, 1809.4452][322.05536, 220.85352, 1749.8746][161.85724, 214.47223, 1683.2588][356.95303, 290.70227, 1726.1416][236.8471, 161.29204, 1570.5354][292.19342, 270.21988, 1485.58][269.10312, 282.2738, 1758.7312][230.42172, 344.13202, 1758.9563][299.76816, 349.44867, 1716.6487][230.62851, 468.40613, 1759.7095][319.0635, 462.29376, 1796.3053][249.7602, 561.1592, 1870.7864][305.35922, 570.3036, 1837.2032]
113[277.2964, 135.96527, 1773.5746][274.96146, 221.10951, 1786.5626][228.91551, 219.42468, 1818.5372][322.68567, 222.85574, 1754.588][163.12524, 229.47185, 1684.8756][356.20493, 291.5309, 1705.1271][239.20963, 177.43689, 1561.6318][289.4757, 250.20798, 1502.8956][269.8164, 283.18967, 1760.767][230.54645, 344.22668, 1757.866][299.3988, 350.0822, 1712.0767][230.81255, 467.00073, 1769.9326][316.66913, 463.08612, 1793.5568][249.27182, 561.2515, 1873.6833][304.6285, 570.2361, 1839.6747]
114[278.72946, 136.78345, 1775.3708][277.36975, 229.96338, 1796.4677][231.82822, 227.37291, 1831.8441][324.74094, 232.65793, 1761.0912][170.1269, 230.9235, 1669.774][351.6872, 299.61823, 1659.4065][245.99323, 180.8532, 1563.8013][289.15295, 245.87686, 1510.0552][270.73077, 288.06268, 1765.4944][230.052, 344.59802, 1759.893][298.661, 351.98395, 1709.1493][230.43472, 466.48962, 1776.6538][308.63852, 440.6532, 1776.8287][250.01971, 562.7578, 1870.2427][298.0592, 562.5491, 1836.815]
115[280.09857, 136.80034, 1777.4718][277.45905, 229.31508, 1798.0831][232.3967, 226.97307, 1833.2909][324.32132, 231.75064, 1762.8754][174.25085, 243.15489, 1672.7585][351.31805, 298.45627, 1656.9633][255.82753, 192.46158, 1550.3029][289.0046, 238.64755, 1518.1353][270.86072, 287.61514, 1765.135][230.60483, 344.68546, 1757.351][298.40292, 351.68237, 1707.0228][232.11057, 464.9406, 1786.5062][303.2605, 472.48608, 1752.6915][250.70694, 563.67163, 1868.6304][297.5751, 575.614, 1826.4993]
116[280.27466, 136.74207, 1778.7507][277.54083, 227.32278, 1797.5709][232.05203, 224.9701, 1831.268][324.7677, 229.76537, 1763.8739][182.78967, 255.71439, 1657.7186][351.31027, 295.13794, 1653.9302][259.73514, 200.0087, 1555.0411][290.98633, 236.8003, 1533.9937][270.92975, 286.37695, 1763.8733][230.7537, 344.36816, 1753.9366][298.29614, 351.18848, 1706.4147][231.69994, 464.565, 1783.7648][299.60233, 473.55658, 1742.3787][249.77048, 563.6167, 1864.7814][298.6684, 576.3441, 1819.6289]
117[280.5802, 136.67493, 1780.6327][277.4991, 227.002, 1799.3188][231.5727, 224.58557, 1830.6436][325.05295, 229.50404, 1767.9941][187.07756, 262.46094, 1651.4764][349.00455, 291.3711, 1653.0511][271.3534, 206.02107, 1536.1345][290.91626, 231.4637, 1540.1383][270.87787, 286.07782, 1763.8832][230.44571, 344.288, 1750.4318][298.3887, 350.9486, 1706.4633][231.49782, 452.3902, 1773.7522][303.24344, 469.95627, 1761.5875][249.12259, 551.71826, 1859.1619][301.63776, 575.9148, 1821.8463]
118[280.60742, 136.63219, 1780.3313][277.84338, 228.25227, 1801.4651][231.15326, 225.82625, 1829.3065][325.99933, 230.75446, 1773.6237][189.82498, 266.38245, 1651.2686][348.01932, 290.73044, 1645.5602][267.17575, 204.19658, 1549.8134][288.3766, 226.02902, 1539.8933][271.4688, 286.89532, 1763.9635][231.53075, 345.04327, 1745.4819][298.84546, 351.19653, 1707.4419][231.47852, 466.0163, 1773.7771][302.2497, 468.73962, 1770.5052][247.9136, 564.3544, 1860.5011][300.853, 575.7472, 1824.2188]
119[281.0262, 136.93666, 1781.0444][277.9659, 227.99823, 1800.3688][230.60095, 225.90874, 1826.1855][326.70905, 230.14851, 1774.552][194.7425, 272.86472, 1649.8932][348.1269, 288.66382, 1639.9033][269.98004, 204.84416, 1543.1208][287.48877, 224.93701, 1540.1041][272.34097, 285.88623, 1763.6129][234.05118, 343.6549, 1743.7915][299.54425, 348.87332, 1709.9226][236.75586, 458.23083, 1753.992][301.522, 467.58746, 1765.6523][249.95749, 554.3609, 1862.6028][301.38498, 572.42786, 1829.7354]
120[281.15195, 137.13077, 1781.3414][278.30655, 227.8516, 1799.5337][230.59674, 225.52167, 1824.2137][327.34317, 230.24629, 1774.8536][199.35606, 275.2081, 1642.6759][347.30997, 286.2122, 1625.4286][266.67145, 207.91914, 1540.8887][286.37976, 225.92657, 1542.8346][272.53412, 286.04517, 1763.161][233.88693, 343.98807, 1742.9708][299.7675, 349.44373, 1710.6058][235.48364, 468.2605, 1748.6772][301.08252, 476.81775, 1710.7911][248.20316, 560.4015, 1864.7584][302.51898, 573.8113, 1815.4248]
121[281.0725, 137.16978, 1781.6843][278.69315, 227.46207, 1800.047][230.84607, 225.01637, 1823.3456][327.79507, 229.97191, 1776.7484][202.62425, 274.90677, 1641.9052][347.1999, 286.61154, 1627.4824][266.7242, 208.68405, 1541.7358][286.9294, 226.90866, 1541.8551][272.88947, 285.84778, 1763.5533][234.20328, 343.98483, 1742.2937][300.0586, 349.46545, 1711.8257][235.15125, 468.25012, 1748.4468][300.33347, 473.8581, 1731.9287][248.12625, 559.9598, 1866.0973][302.57004, 574.7346, 1818.3827]
122[280.99802, 137.15726, 1782.2687][278.61948, 227.07103, 1800.055][230.8802, 224.74547, 1822.1228][327.5438, 229.45432, 1777.9873][204.18777, 275.4019, 1641.8314][347.2749, 286.54767, 1627.9103][267.20673, 209.88632, 1546.4584][288.43103, 227.26004, 1544.6022][273.0971, 285.45044, 1764.2949][234.4518, 343.64102, 1743.1229][300.80066, 348.8941, 1713.9467][234.44977, 468.0239, 1747.9886][299.75046, 472.3998, 1738.8354][248.18271, 559.2306, 1867.4219][302.76553, 574.30133, 1820.0272]
123[281.0547, 136.93753, 1783.2057][278.6804, 226.6016, 1798.6875][231.1091, 224.34862, 1820.2333][327.40515, 228.9092, 1777.1417][204.228, 276.46146, 1640.3267][346.91882, 285.46027, 1619.9595][269.01566, 206.6356, 1534.7368][289.4262, 221.23671, 1534.369][273.38528, 285.0916, 1764.7296][234.88992, 343.32825, 1745.1366][301.42715, 348.468, 1716.4069][234.24957, 467.51562, 1749.7358][300.5943, 472.99957, 1732.8649][248.3717, 557.7881, 1871.9739][302.89844, 573.7678, 1819.3733]
124[281.05835, 136.79596, 1783.514][278.87326, 226.25894, 1797.761][231.34381, 224.19313, 1819.8082][327.58298, 228.37605, 1775.7137][204.71002, 277.55093, 1640.7535][347.90024, 281.3417, 1600.3392][263.34195, 209.27777, 1540.9999][287.76755, 202.226, 1514.5779][273.86, 284.26855, 1764.8788][236.15411, 342.08246, 1746.5037][301.70767, 346.91968, 1717.4895][234.75697, 452.28906, 1751.6635][308.28168, 472.55365, 1724.6865][249.7821, 550.95764, 1884.6807][303.59628, 572.4935, 1815.6954]
125[281.19263, 136.71289, 1782.8965][280.08624, 227.97295, 1788.7654][231.0375, 225.29497, 1816.4337][330.67618, 230.73506, 1761.097][204.27957, 280.44135, 1639.0283][355.07605, 269.10858, 1589.6481][259.0911, 222.46971, 1533.4086][287.41544, 177.75223, 1500.9908][274.52878, 285.18924, 1760.5566][236.70203, 341.3478, 1749.8467][301.5335, 347.24966, 1714.8491][235.11255, 449.8692, 1756.5555][305.36826, 472.82388, 1724.5936][250.81503, 548.79175, 1885.7095][302.6373, 574.1231, 1810.6628]
126[281.44946, 136.65033, 1783.0903][279.8105, 227.33107, 1792.302][231.11728, 224.813, 1817.4956][329.8921, 229.92093, 1767.1084][202.70667, 284.80322, 1654.4161][361.9744, 259.63004, 1570.387][263.74765, 237.02597, 1545.4052][293.11804, 168.82492, 1492.8356][274.37665, 284.90448, 1762.0476][236.56653, 341.74292, 1747.8588][301.54224, 347.28754, 1715.7277][235.5013, 465.0258, 1757.6624][303.897, 472.30048, 1729.154][248.36938, 557.4851, 1871.2562][302.649, 574.28345, 1811.8235]
127[281.66357, 136.5528, 1783.5178][277.9934, 223.54999, 1780.127][230.70331, 222.30298, 1812.9508][327.06027, 224.84384, 1747.3031][198.33517, 284.43024, 1666.2319][369.1488, 250.41208, 1571.3982][262.5163, 258.49658, 1519.9999][316.00406, 185.30754, 1508.8143][273.75586, 282.8421, 1755.4407][238.36317, 341.5708, 1751.6354][301.18964, 346.13556, 1709.8734][235.77255, 464.099, 1763.5792][310.16614, 469.61984, 1733.3728][249.09064, 557.75165, 1870.9829][304.46133, 574.16266, 1804.1859]
128[282.19568, 136.759, 1785.6061][277.32907, 221.34695, 1774.3623][230.37976, 220.54709, 1809.8141][326.19272, 222.17944, 1738.9105][193.88379, 288.86295, 1691.5498][369.7707, 246.84207, 1570.6198][261.08557, 281.52783, 1522.8375][303.51575, 146.81839, 1490.6345][273.62137, 281.6995, 1752.2466][239.3906, 341.51804, 1752.4492][301.04248, 345.7262, 1707.8125][235.62337, 462.21967, 1776.5211][312.0918, 465.40027, 1754.9795][249.43555, 557.771, 1874.1567][304.0287, 572.74854, 1808.7935]
129[282.07974, 136.9428, 1785.7773][276.6972, 220.80576, 1768.7942][229.17285, 219.98923, 1804.9908][326.20728, 221.65639, 1732.5975][189.80194, 290.95248, 1707.8274][366.73895, 239.10051, 1584.3033][252.27133, 305.5987, 1523.1364][306.71146, 135.83109, 1502.1106][273.19785, 281.60486, 1749.3792][239.27507, 341.6665, 1752.4708][300.76477, 345.92615, 1707.4574][236.28046, 460.29095, 1790.3752][308.86716, 467.5575, 1744.2262][249.8631, 558.22565, 1875.793][302.72955, 573.89905, 1805.2429]
130[282.1447, 136.94066, 1784.9705][276.38095, 220.26865, 1766.7296][228.91565, 219.90143, 1809.7407][326.21503, 220.6542, 1723.7185][189.84032, 289.90094, 1751.7186][365.49826, 224.84875, 1563.8954][240.8949, 328.2493, 1538.4537][310.86792, 126.22693, 1500.0669][273.84683, 280.9103, 1753.9415][241.51941, 340.387, 1767.5562][301.9478, 344.56183, 1714.7507][235.42429, 461.43903, 1781.4182][309.66147, 466.03857, 1749.7238][248.31041, 560.47974, 1864.3295][303.8684, 569.8467, 1820.2992]
131[282.51886, 136.71872, 1783.6466][276.06183, 219.98851, 1765.4124][227.8764, 219.8586, 1805.6937][326.4975, 220.1245, 1725.131][187.89214, 288.84244, 1764.6583][368.2409, 209.31683, 1545.7849][231.59572, 353.857, 1539.7688][292.74908, 92.50325, 1468.826][274.40268, 280.18805, 1756.7134][242.71736, 339.22205, 1772.6809][303.59576, 342.80194, 1723.3479][236.96356, 460.1609, 1785.0269][317.40686, 455.6349, 1802.3005][248.92648, 560.0596, 1864.0442][306.5123, 563.7751, 1839.8657]
132[283.25195, 136.38194, 1783.2222][276.7243, 219.67123, 1766.9572][228.35052, 219.50027, 1806.3253][327.30273, 219.84999, 1727.589][189.43326, 288.10828, 1772.0453][365.92804, 191.38031, 1553.4568][218.66156, 376.49487, 1548.0483][311.84195, 94.55995, 1525.4082][275.20227, 279.73013, 1759.7145][243.68732, 338.54788, 1776.5011][304.48166, 342.07132, 1728.4425][242.8107, 459.6115, 1787.1567][322.56018, 457.07123, 1790.6736][251.58893, 561.19904, 1859.3907][310.9584, 563.45215, 1839.2571]
133[283.95282, 136.25082, 1782.9376][277.0571, 219.50732, 1768.0215][228.17862, 219.15234, 1806.4865][328.10968, 219.87811, 1729.5565][190.6392, 288.09067, 1775.878][366.6102, 176.47217, 1556.68][202.22272, 395.9419, 1585.6053][310.1995, 77.91557, 1535.5525][274.87143, 280.12643, 1756.2987][242.81744, 339.7535, 1767.5963][303.2933, 343.41522, 1721.5555][243.15456, 459.79593, 1789.3196][327.5744, 456.26855, 1791.4327][251.96436, 561.868, 1858.4735][313.14844, 562.7295, 1837.6476]
134[285.53763, 135.62044, 1780.8854][277.03604, 219.27713, 1768.0505][227.27127, 218.72408, 1799.6177][328.61014, 219.8503, 1736.4834][193.08867, 287.8306, 1781.95][366.53516, 169.63235, 1569.2987][187.59608, 405.06915, 1601.5154][311.1489, 65.99216, 1551.78][274.29572, 281.02542, 1749.9796][241.18146, 342.38864, 1750.6527][302.4783, 345.77252, 1713.1647][244.4425, 458.528, 1804.2328][330.10403, 466.28143, 1735.6877][252.41241, 560.213, 1871.6082][306.0547, 564.7828, 1820.6344]
135[285.57755, 135.33026, 1780.2098][277.10968, 218.65463, 1768.083][226.84387, 217.74974, 1795.7858][328.9757, 219.58832, 1740.3802][194.42722, 285.8279, 1787.344][364.74786, 164.1216, 1579.0769][181.4286, 396.62836, 1636.479][313.2395, 57.975113, 1568.6332][273.89423, 280.7449, 1747.1101][239.44733, 342.5779, 1742.8336][302.3625, 346.14453, 1709.4408][240.8653, 456.8794, 1809.9796][316.92746, 467.7803, 1740.6736][251.27498, 558.2457, 1877.0416][305.84564, 568.26514, 1824.1288]
136[285.68814, 134.95131, 1779.0364][277.293, 217.23491, 1768.4803][226.73721, 215.97842, 1794.6666][329.36847, 218.52917, 1742.2941][195.56392, 282.98355, 1792.4493][362.418, 157.73657, 1583.9142][179.5471, 391.1411, 1672.959][311.4055, 47.223618, 1580.3629][273.64557, 279.78363, 1746.6924][237.83871, 341.93893, 1741.0525][302.57935, 345.92346, 1708.7563][238.77708, 456.6046, 1806.6672][308.23157, 467.55234, 1744.5476][250.40459, 557.35925, 1876.7773][305.02713, 567.88525, 1829.6504]
137[286.1497, 134.5651, 1775.9478][276.29987, 215.67729, 1767.4529][225.755, 214.0531, 1793.3076][328.3455, 217.34972, 1741.5981][196.68799, 280.7066, 1797.5865][360.22125, 152.57309, 1591.2651][171.55713, 425.07773, 1678.8484][312.6222, 44.366074, 1591.7809][272.2017, 278.5653, 1746.1428][234.25586, 340.6917, 1741.6371][302.41263, 345.36832, 1708.0284][237.76309, 455.85455, 1803.7274][308.83966, 471.62277, 1712.1692][248.86703, 554.8699, 1881.8892][305.92963, 569.39465, 1812.4554]
138[287.11517, 133.47534, 1770.6018][275.42346, 216.43503, 1765.504][224.79501, 214.21701, 1793.4102][327.67813, 218.72427, 1737.5979][194.73898, 287.84027, 1820.1095][358.05954, 150.5714, 1591.5547][163.93048, 393.75723, 1724.3363][314.03925, 42.355423, 1601.1771][270.64624, 279.69373, 1746.3678][229.97083, 341.37003, 1746.5013][302.3632, 347.40555, 1707.9618][237.168, 457.78516, 1798.669][315.6722, 472.3153, 1717.8224][248.33215, 555.4863, 1883.2122][308.10287, 571.18164, 1811.9614]
139[286.3178, 133.41122, 1771.0177][272.68213, 216.2885, 1761.6027][220.56262, 214.51358, 1787.6017][326.3631, 218.1166, 1735.6036][193.73305, 288.09482, 1834.5669][355.31854, 150.98093, 1594.6455][162.15366, 385.71536, 1757.4458][316.4444, 41.88243, 1605.4924][268.75616, 280.02957, 1744.3959][227.68193, 342.4406, 1745.2832][302.60693, 347.69574, 1709.095][235.91843, 459.4531, 1793.5133][307.19653, 466.7533, 1759.0314][247.47607, 556.2456, 1882.3652][305.35956, 570.3771, 1827.1104]
140[286.0008, 133.15958, 1770.7761][270.78943, 216.9404, 1757.8188][217.55417, 215.61823, 1783.9974][325.6343, 218.30255, 1731.6403][193.25891, 287.101, 1847.3513][350.93546, 150.98962, 1601.3035][159.65825, 384.88257, 1777.902][319.22964, 42.956253, 1602.0885][267.4628, 280.6238, 1740.7076][226.83882, 343.3227, 1741.5021][302.08307, 347.86786, 1705.6908][231.6938, 461.346, 1785.4292][305.73688, 467.24524, 1755.1062][245.34749, 556.9132, 1879.9329][304.51355, 569.498, 1829.6132]
141[285.92386, 132.71173, 1769.1294][271.29755, 215.71497, 1759.6936][219.82547, 214.39722, 1789.1565][324.52258, 217.07759, 1730.2307][193.23676, 285.106, 1857.269][348.44156, 150.66956, 1606.939][158.774, 383.34875, 1792.3114][319.04428, 43.26822, 1603.8632][267.38516, 279.80005, 1739.1104][226.96265, 342.97055, 1738.8372][300.6665, 347.9285, 1698.217][230.42924, 461.29395, 1782.1829][307.34418, 465.2465, 1761.4614][244.58665, 556.98706, 1876.7078][303.61002, 568.4165, 1830.7701]
142[285.94562, 131.89505, 1765.0347][271.71478, 215.41393, 1760.9895][220.78394, 214.27524, 1790.8625][324.40338, 216.59192, 1731.1165][192.9299, 285.9246, 1857.5831][348.85358, 150.16295, 1605.7463][159.72061, 382.2519, 1800.5038][319.52292, 43.013687, 1603.6434][267.81818, 279.47296, 1738.7244][227.93353, 342.8601, 1736.9274][300.57364, 347.58395, 1695.9911][229.69116, 460.92062, 1782.6343][308.4814, 465.95306, 1753.8568][243.95651, 556.28064, 1878.407][302.46115, 568.9119, 1825.2056]
143[285.43378, 131.94598, 1763.3898][271.6418, 215.34082, 1761.567][220.80048, 214.30959, 1792.0742][324.27515, 216.40839, 1731.0598][192.92255, 286.0658, 1858.8065][348.9837, 149.57965, 1602.4879][159.13788, 383.86005, 1798.7701][319.31003, 40.758286, 1601.8945][267.79068, 279.57053, 1738.8718][227.5658, 343.17645, 1737.3319][301.01492, 347.87955, 1695.0214][228.91815, 461.45892, 1781.4684][305.6471, 467.4538, 1747.275][241.57422, 556.9307, 1877.4847][301.43936, 570.8982, 1818.2902]
144[284.51227, 131.51479, 1756.9904][270.50177, 215.32639, 1759.6376][218.79628, 215.15999, 1790.3916][324.04678, 215.49869, 1728.8835][193.17609, 286.66672, 1860.233][349.16025, 148.45824, 1599.9531][161.22897, 387.19897, 1793.4592][318.4034, 41.64044, 1595.3877][267.8605, 279.508, 1738.3171][229.60912, 343.63162, 1737.5508][301.5595, 346.97546, 1696.4426][227.5688, 462.47308, 1779.5238][305.12927, 467.40546, 1745.324][239.14226, 558.7399, 1874.0126][301.3281, 571.40845, 1815.7693]
145[284.50244, 131.89886, 1757.3077][271.0362, 215.31017, 1760.1678][219.68706, 214.84909, 1791.4752][324.24503, 215.78793, 1728.8605][193.41101, 286.60587, 1859.2074][349.8168, 147.87369, 1597.435][161.96597, 388.58026, 1777.9194][317.61652, 41.107803, 1587.5518][267.94238, 279.6322, 1738.3424][228.93936, 343.67548, 1737.7528][301.49805, 347.55237, 1695.2811][225.95163, 462.24634, 1781.0677][305.7297, 467.38947, 1747.831][238.42458, 558.693, 1874.3296][300.25284, 571.5693, 1816.6528]
146[284.68735, 131.74823, 1756.9523][271.14548, 214.57132, 1761.0396][220.23352, 213.87158, 1792.6793][323.92035, 215.29666, 1729.3998][193.54973, 285.34006, 1857.1133][350.4074, 147.6565, 1589.1378][165.2559, 385.81616, 1761.3331][314.60068, 41.5421, 1581.2705][267.67706, 279.2027, 1739.049][228.32983, 343.3682, 1738.6831][300.82275, 347.66507, 1695.4336][225.93652, 462.0512, 1780.9132][304.87698, 466.55804, 1753.0726][239.83035, 557.7019, 1876.8793][299.69257, 571.23865, 1818.6235]
147[284.20575, 131.284, 1753.115][271.27185, 214.1202, 1761.543][220.3573, 213.23564, 1792.2334][323.992, 215.03612, 1730.8525][193.8738, 284.53528, 1851.9181][353.0603, 149.56502, 1579.8379][164.52223, 394.60028, 1728.4355][308.6553, 43.900375, 1569.6246][267.64444, 279.06744, 1739.9][227.84583, 343.42242, 1739.4167][300.9052, 347.9348, 1697.0974][227.69965, 461.6344, 1785.072][305.05063, 467.21417, 1752.2848][238.96127, 556.1023, 1886.0078][299.05026, 572.2047, 1816.7422]
148[284.24496, 131.5282, 1753.8534][271.52292, 214.49686, 1761.5404][220.3923, 213.5606, 1791.5107][324.42352, 215.46553, 1731.5701][194.4871, 283.59958, 1841.0934][357.88004, 153.46065, 1574.8867][166.46709, 392.44016, 1696.8245][300.0795, 52.699966, 1560.4233][267.90762, 279.23697, 1739.9598][228.16293, 343.39206, 1738.9326][301.11264, 347.8678, 1697.8259][229.22906, 461.09778, 1788.2422][306.5938, 466.92807, 1753.9724][238.99243, 555.9218, 1887.7002][299.88104, 573.5354, 1811.2499]
149[284.2217, 131.45105, 1752.9][271.72864, 214.66484, 1762.0685][220.08435, 213.6134, 1787.7407][324.90002, 215.74734, 1736.3962][194.98337, 284.17276, 1828.849][361.84534, 160.5015, 1579.8245][169.56575, 394.4302, 1648.9094][295.2959, 70.06688, 1547.1997][268.444, 279.63898, 1742.8855][229.06094, 344.00586, 1741.1764][301.84946, 348.1548, 1706.2286][230.9589, 461.0869, 1793.2927][312.41287, 465.1797, 1768.7902][239.64499, 555.81836, 1892.274][301.34277, 574.1831, 1810.4154]
150[284.01956, 131.30359, 1752.3329][271.83905, 214.61086, 1762.624][220.01825, 213.32022, 1787.3053][325.1317, 215.93814, 1737.9427][195.37637, 283.8609, 1822.3826][365.11975, 168.62326, 1585.8722][174.21513, 386.06433, 1610.5168][295.95367, 100.40915, 1516.5063][268.30997, 279.39938, 1743.2365][229.47449, 343.53378, 1740.216][300.6039, 347.79712, 1707.4818][231.49054, 460.39935, 1793.8772][321.0437, 462.03918, 1778.026][240.41435, 556.1395, 1888.6522][302.75647, 571.9031, 1809.0154]
151[283.57156, 131.48648, 1752.1493][271.67868, 214.56311, 1762.8955][219.78271, 213.38757, 1786.1158][324.96, 215.77003, 1739.6752][195.56647, 283.56137, 1812.795][370.50034, 185.85571, 1571.0894][178.93654, 380.8473, 1563.9681][295.01697, 121.61949, 1505.8975][268.34863, 279.2122, 1743.1227][230.38925, 343.4268, 1738.4229][300.10483, 347.29654, 1708.2769][231.88602, 459.78088, 1794.7784][319.0628, 463.34772, 1769.0767][240.71407, 555.4181, 1889.2769][302.17596, 573.6979, 1800.5226]
152[281.27133, 132.99812, 1752.8049][271.64648, 214.57536, 1763.9182][219.58725, 213.21248, 1784.8192][324.95425, 215.97093, 1743.0172][194.99866, 283.60156, 1806.7079][375.2401, 201.13583, 1572.2599][183.40991, 371.00995, 1525.0145][290.70886, 133.26373, 1483.5685][268.28217, 279.55743, 1745.1434][231.02438, 344.0652, 1739.6234][299.18826, 347.8699, 1713.1139][231.6059, 459.99487, 1797.8026][298.4556, 480.35107, 1664.599][241.1682, 556.63513, 1887.3823][298.04584, 581.5804, 1760.7563]
153[281.47638, 132.97736, 1753.1056][271.46603, 214.75587, 1764.5907][218.87216, 213.68057, 1784.5238][325.2617, 215.85577, 1744.6576][190.49287, 284.63635, 1788.249][376.3381, 219.07704, 1566.104][188.15634, 355.59537, 1494.1355][288.28806, 148.10175, 1468.013][268.53503, 279.49274, 1745.703][231.82191, 344.017, 1739.2861][299.74847, 347.2982, 1714.3445][231.49454, 448.87854, 1786.4868][294.6735, 475.16504, 1704.2263][242.6022, 552.6519, 1894.8665][296.2008, 579.92224, 1779.7809]
154[280.55176, 133.32776, 1754.8098][271.37842, 215.21703, 1765.1755][218.45078, 214.56429, 1786.4829][325.59943, 215.88571, 1743.8682][188.08049, 285.11322, 1781.2379][373.51343, 235.55002, 1560.463][195.80566, 330.15646, 1467.7362][280.20096, 138.22787, 1460.576][268.85492, 279.7347, 1745.432][232.39761, 344.313, 1738.9788][300.67554, 347.16638, 1712.3982][231.54437, 461.40353, 1790.5021][294.90353, 472.7807, 1719.853][243.21518, 555.27295, 1892.1198][297.0643, 577.0587, 1794.1753]
155[280.53653, 133.3258, 1754.7148][272.06387, 218.35814, 1761.3306][218.94751, 218.58542, 1787.7319][326.7968, 218.12392, 1734.9292][187.32893, 288.80222, 1778.6404][374.12424, 244.01556, 1542.1589][202.09477, 309.00366, 1456.1787][293.07736, 181.99817, 1473.0298][270.20624, 282.4088, 1739.2345][234.15355, 347.02106, 1733.6147][303.10974, 349.21585, 1700.6621][230.75334, 464.2209, 1785.0499][303.15295, 470.85104, 1739.5043][243.87402, 558.18195, 1886.0767][299.4939, 572.48267, 1819.5337]
156[280.26312, 133.32733, 1754.3732][273.03827, 219.97743, 1761.4558][219.58047, 220.40822, 1789.3721][328.21774, 219.53276, 1733.5396][186.79626, 284.28226, 1753.7568][375.73682, 253.28305, 1558.047][207.80902, 288.81342, 1420.1262][298.13504, 196.92377, 1477.5355][271.2129, 283.56555, 1737.2363][235.38982, 347.9465, 1730.176][303.96893, 349.97736, 1695.8577][229.93488, 465.37347, 1780.7883][305.47717, 473.15195, 1727.2738][244.01285, 559.4457, 1881.6835][301.24777, 571.60254, 1821.63]
157[279.81744, 133.3638, 1753.7924][273.2238, 218.81735, 1763.7615][220.20714, 218.8626, 1790.134][327.84998, 218.77074, 1737.3889][188.28044, 279.39655, 1751.7124][372.7544, 269.1584, 1579.3289][209.21115, 261.93274, 1434.3048][299.8643, 208.02089, 1480.1171][271.04044, 282.2701, 1739.9457][235.77478, 346.3301, 1732.0427][302.43628, 348.6595, 1700.217][230.31189, 460.90466, 1798.4867][307.94855, 470.43082, 1738.0721][243.3053, 558.85376, 1881.2356][302.36496, 571.60223, 1820.1082]
158[278.85715, 133.80191, 1754.012][276.40628, 218.49106, 1767.4962][225.26083, 217.47818, 1793.5835][329.08414, 219.53429, 1741.4089][189.04095, 278.15244, 1757.2201][370.16544, 271.63693, 1591.4675][229.5224, 244.74556, 1514.3638][300.21747, 206.54604, 1477.1417][272.67938, 282.70316, 1740.8414][235.43314, 347.0077, 1730.6622][302.8884, 350.8537, 1697.711][230.23538, 461.54474, 1797.7527][304.59497, 471.19, 1745.322][243.33383, 560.25085, 1877.305][301.68173, 575.021, 1815.422]
159[278.18777, 134.29657, 1754.1753][276.32974, 220.54599, 1768.3833][224.38423, 219.4586, 1793.9576][329.7998, 221.66531, 1742.809][188.45134, 278.27036, 1748.4467][365.04303, 274.83353, 1575.21][218.41129, 230.72847, 1468.6392][303.74384, 214.46617, 1467.3333][272.61868, 284.41647, 1741.4812][235.1529, 348.38535, 1730.5884][303.06357, 352.233, 1698.5698][230.41873, 448.7232, 1789.6636][303.85034, 471.96494, 1748.0156][244.74075, 557.0936, 1873.4648][301.77072, 574.83136, 1820.6385]
160[277.8588, 134.71378, 1754.8684][275.9284, 221.1316, 1767.1683][223.89981, 220.01917, 1795.2662][329.6382, 222.28, 1739.0704][186.04562, 276.3843, 1719.0725][365.08286, 275.9492, 1577.9862][222.19537, 219.08662, 1473.7776][301.15494, 215.6981, 1460.8463][272.1104, 285.14984, 1741.2577][234.66116, 349.0703, 1732.8589][302.38443, 353.17572, 1697.8352][230.7616, 448.7779, 1788.8959][300.24628, 473.68814, 1742.7957][244.54175, 556.67426, 1871.8867][301.48334, 573.8822, 1827.0015]
161[277.76047, 134.71768, 1754.4977][276.2892, 222.73483, 1771.4269][224.89508, 221.74664, 1803.074][329.55307, 223.75897, 1739.7798][182.986, 276.06253, 1701.2798][364.24725, 276.52014, 1584.5873][226.14151, 209.69876, 1473.6921][297.7387, 206.30527, 1470.4312][272.43234, 286.51508, 1745.6342][235.84094, 350.13333, 1739.2683][301.8239, 354.3308, 1700.4146][232.2587, 447.2256, 1791.1104][298.8171, 474.1717, 1748.1748][245.39096, 553.5654, 1872.5743][302.1438, 574.1826, 1831.937]
162[277.28674, 134.92545, 1754.3955][275.4754, 222.62514, 1768.7382][224.0007, 221.61388, 1799.466][328.77026, 223.67213, 1738.0104][181.20128, 276.79565, 1694.3893][361.44022, 276.97842, 1583.6942][224.56972, 211.34067, 1479.8251][301.14313, 214.2691, 1502.2753][271.7363, 286.2595, 1744.0974][235.11613, 349.6651, 1738.4048][301.39423, 353.81598, 1700.5085][240.88858, 447.08954, 1772.0437][297.28018, 473.37006, 1749.05][245.98172, 550.6748, 1872.6992][301.73953, 572.678, 1834.9702]
163[277.17206, 135.25755, 1753.789][275.08487, 222.69048, 1767.2515][223.79675, 221.59093, 1798.4331][328.21536, 223.82953, 1736.0698][180.03119, 277.28107, 1685.4816][357.64847, 278.78275, 1592.111][227.78464, 209.79025, 1486.3718][299.48907, 212.98244, 1475.6318][271.27032, 286.2676, 1743.4628][234.78607, 349.48087, 1738.8666][300.64944, 353.77444, 1700.4816][241.17746, 466.75446, 1786.5941][297.51495, 472.9756, 1751.3121][247.91223, 563.8936, 1874.5499][300.98557, 571.84705, 1838.6884]
164[276.54614, 135.81384, 1754.3885][274.8161, 222.57059, 1766.2524][223.08621, 220.2352, 1792.4972][328.1065, 224.97641, 1740.0077][179.6329, 276.32513, 1673.5938][358.06244, 280.61707, 1599.9259][232.69136, 206.28581, 1491.5303][298.00177, 214.4078, 1498.7694][269.22488, 288.8131, 1737.0204][228.61554, 354.41342, 1724.8455][298.97162, 360.292, 1690.7312][247.2381, 467.25748, 1796.6969][297.9713, 478.52484, 1749.618][252.38666, 560.6648, 1897.4756][300.66458, 579.56506, 1827.9445]
165[276.59186, 135.95273, 1754.9877][275.0371, 223.56993, 1767.8707][223.95299, 221.68646, 1799.1664][327.9625, 225.52127, 1736.5751][180.82007, 276.49142, 1673.4083][357.36227, 281.511, 1594.6948][235.97299, 207.09843, 1500.139][295.341, 203.68384, 1490.7566][269.8178, 288.66638, 1739.9211][231.01785, 353.14133, 1731.744][298.6191, 358.69965, 1692.1991][239.86493, 448.79663, 1759.7279][300.01962, 474.3665, 1764.5312][250.05315, 545.71375, 1883.0741][301.76746, 576.9967, 1834.0029]
166[276.46933, 136.18607, 1755.7887][275.19556, 223.62102, 1767.0092][224.29341, 221.48688, 1799.9607][328.03223, 225.83626, 1734.0576][184.50275, 277.54068, 1673.8164][355.97864, 282.62558, 1592.9296][239.38585, 209.93391, 1508.9076][294.3929, 204.92456, 1479.3081][269.64618, 288.4915, 1740.102][231.45813, 352.4881, 1733.5175][297.16638, 358.38107, 1692.8724][242.89444, 471.93048, 1767.9878][301.02087, 437.5923, 1751.3285][252.16057, 562.6312, 1883.0503][302.9297, 562.477, 1827.0472]
167[276.5102, 136.15236, 1756.4899][276.66525, 221.88284, 1764.7136][227.32175, 219.89792, 1797.6925][327.88812, 223.94336, 1731.7347][196.22824, 276.01184, 1669.6084][356.0984, 281.95483, 1586.4373][247.15442, 206.67883, 1515.3335][291.95706, 203.15526, 1473.7474][271.0333, 284.67468, 1735.8059][234.68205, 346.9044, 1726.5786][296.4513, 352.34515, 1687.2178][238.8974, 455.8789, 1755.9402][302.64645, 432.73172, 1757.1329][250.04266, 550.6994, 1873.3461][304.00348, 554.71936, 1833.7146]
168[276.67264, 135.9076, 1756.9438][276.41364, 222.1701, 1766.6206][226.9935, 220.9957, 1799.9033][327.73166, 223.3896, 1733.3379][200.87431, 278.14328, 1662.7361][354.2711, 281.82126, 1588.8214][250.89456, 208.70267, 1525.8038][289.90002, 211.87497, 1486.1372][271.94885, 283.89178, 1738.9641][236.64006, 345.43063, 1731.262][298.76376, 349.83765, 1691.3533][238.28189, 467.01602, 1756.206][304.3741, 429.45102, 1759.417][249.71896, 558.67664, 1870.5938][305.45532, 548.2699, 1841.5084]
169[276.8148, 135.73486, 1756.7871][274.1954, 223.13757, 1760.6803][222.69934, 222.14668, 1785.1735][327.14444, 224.15643, 1736.1871][201.90671, 282.55197, 1657.1062][345.754, 282.68835, 1592.727][258.9086, 206.98286, 1535.9457][285.73688, 205.76431, 1483.3282][270.8942, 284.66608, 1736.2917][235.82304, 346.28192, 1726.5001][299.7196, 349.6422, 1697.3063][238.42865, 466.6312, 1761.3939][304.85147, 454.6471, 1820.7328][248.12408, 560.4133, 1867.2365][306.77252, 563.7714, 1848.4453]
170[277.0007, 135.70276, 1757.0771][274.53476, 222.47557, 1766.0454][224.0661, 220.90462, 1785.1255][326.10583, 224.08084, 1746.9653][201.42451, 284.91055, 1652.2059][339.03873, 284.23245, 1597.85][263.67682, 211.27605, 1532.7566][282.60373, 211.48221, 1492.2445][270.2452, 284.90134, 1733.7792][233.57645, 347.82037, 1713.2238][298.45602, 351.59494, 1689.8021][237.84776, 466.15076, 1764.6895][304.28442, 455.20544, 1819.9371][249.27448, 559.9271, 1869.1976][305.02222, 564.6027, 1845.9396]
171[277.00525, 135.59521, 1757.894][275.03568, 222.16855, 1767.6782][225.04428, 220.97708, 1789.4847][326.27588, 223.38976, 1745.8717][202.5615, 285.68408, 1650.6738][339.28604, 283.1993, 1598.7609][271.4535, 213.07686, 1533.9552][283.6839, 221.84511, 1471.2827][270.87415, 283.95648, 1733.6652][233.83472, 346.429, 1713.3422][299.78857, 350.03482, 1685.962][236.62341, 452.5456, 1755.8391][306.26282, 454.4319, 1814.2855][248.00507, 550.2285, 1869.3777][305.3161, 560.78, 1857.2136]
172[277.14676, 135.72409, 1758.9928][275.1145, 223.54416, 1774.7333][225.65393, 222.12857, 1795.343][325.73737, 224.99301, 1754.1235][206.10602, 283.97824, 1637.9498][339.8759, 282.91913, 1602.8318][272.0971, 216.03914, 1532.4257][275.06305, 193.165, 1481.4861][270.60764, 285.53442, 1738.4458][232.78671, 348.2423, 1715.3733][299.54877, 352.1234, 1688.9434][236.89522, 451.24835, 1757.476][308.52466, 462.21298, 1789.5214][248.08324, 549.4547, 1870.6184][305.40854, 564.44507, 1856.1675]
173[277.30164, 135.9357, 1760.3857][275.23633, 223.50429, 1772.9684][225.78922, 222.094, 1795.1111][325.93414, 224.95023, 1750.8257][208.21194, 283.1745, 1627.8817][340.11365, 283.95316, 1608.035][274.51202, 223.16786, 1539.5739][271.61136, 188.04356, 1494.4362][270.62405, 285.76477, 1737.0863][232.67776, 348.6507, 1715.4188][299.5151, 352.6864, 1686.9896][238.14832, 466.47125, 1769.1044][310.99976, 466.97205, 1766.5801][248.36475, 561.1764, 1869.6057][305.17526, 566.9166, 1846.7363]
174[277.52133, 136.22096, 1761.2408][275.36038, 223.81244, 1775.3005][225.9701, 222.4905, 1797.1718][325.9828, 225.16734, 1753.4293][209.31508, 283.65933, 1626.6947][342.26462, 284.0032, 1605.16][272.82098, 214.31158, 1534.9082][272.23257, 189.10114, 1489.1879][270.88757, 285.5735, 1739.1661][232.98123, 348.028, 1717.129][300.02368, 351.91495, 1688.9344][237.82071, 466.0963, 1768.9329][309.9255, 466.57336, 1766.8398][247.95938, 561.3755, 1867.3518][303.14493, 566.2544, 1847.8497]
175[277.85883, 136.5092, 1762.0181][275.5562, 224.62936, 1778.3859][226.20598, 223.27216, 1800.031][326.12256, 226.02002, 1756.7407][209.58675, 284.4802, 1627.4691][342.52878, 284.26575, 1604.0308][272.84, 218.68442, 1535.2937][280.75845, 229.54718, 1477.5508][271.03458, 285.9549, 1741.4384][232.93726, 347.99756, 1718.4996][300.24976, 351.91284, 1690.482][234.58003, 449.24707, 1759.9952][310.1724, 467.532, 1763.0308][248.90459, 551.8955, 1860.8873][302.5845, 565.91016, 1849.7688]
176[278.0905, 136.63152, 1762.1763][275.94028, 224.75089, 1779.2297][226.75424, 223.22899, 1800.2399][326.30182, 226.30916, 1758.2196][210.2018, 284.04776, 1627.5117][342.8525, 284.67175, 1605.0375][272.94684, 217.05922, 1538.7601][288.00464, 231.56024, 1521.4385][271.26987, 285.86548, 1742.2056][232.94228, 347.60297, 1718.8566][300.3919, 351.6979, 1691.5062][234.21722, 449.36115, 1759.5055][310.77222, 468.13538, 1759.2499][250.89459, 550.3556, 1862.0463][303.57004, 563.97675, 1856.651]
177[278.2319, 136.56888, 1762.6317][276.3015, 224.70296, 1779.0778][227.18954, 223.02942, 1801.8754][326.6885, 226.41994, 1756.2802][203.246, 282.86563, 1636.8268][343.4865, 285.15317, 1606.2085][273.06424, 214.78186, 1528.5692][288.4656, 229.66792, 1511.6888][271.25497, 286.1307, 1741.7222][232.35277, 348.01123, 1719.3038][300.2165, 352.5307, 1689.4293][235.89119, 466.5012, 1768.0598][313.44455, 469.8213, 1751.8171][250.7839, 562.13654, 1863.8849][303.4536, 563.91736, 1856.1027]
178[278.40817, 136.534, 1762.9583][276.44922, 224.66486, 1778.1221][227.18964, 222.74673, 1800.9331][326.98914, 226.63283, 1755.311][205.37546, 283.7073, 1635.9557][344.9907, 284.78326, 1603.5236][270.71103, 216.70859, 1519.2936][289.41013, 226.97736, 1505.1256][271.21616, 285.9227, 1742.0947][231.7686, 347.34393, 1721.1531][300.36206, 352.23483, 1690.9817][235.8367, 447.51096, 1761.4447][314.43143, 469.91132, 1751.273][249.25945, 548.9102, 1865.7812][303.75336, 566.8775, 1845.1967]
179[278.50403, 136.36429, 1763.389][276.70877, 224.29698, 1776.8094][227.56935, 222.33035, 1800.4623][327.17413, 226.31668, 1753.1566][205.71219, 283.54282, 1635.291][346.45587, 285.3973, 1602.7019][267.2706, 209.33344, 1519.7881][292.53445, 218.14954, 1494.9028][271.35342, 285.6394, 1741.1294][232.05759, 347.0629, 1721.0077][300.1112, 352.07996, 1689.891][238.36859, 443.94635, 1762.5969][309.20776, 465.7079, 1774.0156][249.66187, 547.4376, 1871.0767][305.3352, 567.694, 1845.5189]
180[278.71524, 136.33614, 1763.5355][277.00558, 224.43811, 1778.5262][228.22777, 222.58908, 1804.0559][327.20413, 226.341, 1752.9966][196.239, 282.8534, 1653.4524][347.89966, 284.98532, 1602.554][252.35892, 210.91205, 1536.0267][296.7996, 213.40259, 1486.4907][271.5474, 285.95355, 1742.0042][232.36647, 347.60516, 1722.2694][300.0102, 352.65182, 1688.6947][237.96266, 443.12317, 1765.8945][309.44476, 464.30756, 1782.6207][250.57362, 545.9212, 1875.5272][305.82388, 567.9364, 1845.3794]
181[278.98938, 136.38348, 1763.567][276.36523, 223.62448, 1776.4655][226.80542, 221.2521, 1797.0641][327.08786, 226.05252, 1755.8668][186.18669, 282.26025, 1667.6494][349.22226, 285.5836, 1613.3534][239.34898, 212.24486, 1517.2157][303.51782, 204.15346, 1491.5336][271.18112, 286.52725, 1747.7064][233.0288, 348.9886, 1732.1174][299.12476, 354.1204, 1705.7773][241.01434, 465.4053, 1787.858][309.87863, 442.9691, 1760.4707][251.51146, 559.8502, 1886.3185][303.85788, 556.57196, 1827.2097]
182[279.15103, 136.60873, 1763.1145][276.1154, 223.03577, 1773.5717][226.04782, 220.69489, 1793.5155][327.32178, 225.42989, 1753.6278][181.32765, 281.25018, 1671.1523][354.99704, 284.53076, 1615.7941][223.938, 210.59601, 1500.4163][316.89413, 210.86708, 1487.6753][271.32956, 286.185, 1749.242][233.94876, 348.66937, 1737.4653][299.3446, 353.59784, 1712.3591][241.33981, 465.9867, 1786.1775][312.86786, 438.80902, 1758.3876][252.01869, 560.3269, 1885.3344][304.43762, 554.72156, 1823.2859]
183[279.18933, 136.87737, 1762.5343][276.25647, 222.9874, 1772.1462][226.73059, 221.10535, 1799.0259][327.3079, 224.9274, 1745.2666][173.12157, 274.12796, 1673.085][361.9206, 286.04803, 1606.7786][209.93234, 209.63535, 1492.5876][328.36307, 204.7773, 1472.593][271.33566, 286.05072, 1744.6654][233.55215, 348.6177, 1734.3485][299.62292, 353.69806, 1700.0206][237.41975, 453.59113, 1750.9781][315.3163, 466.04425, 1783.5598][251.53235, 549.8448, 1877.3536][308.66043, 569.71985, 1844.9005]
184[279.2252, 137.02466, 1761.5546][275.72064, 223.39612, 1762.3623][226.34375, 221.79483, 1796.0999][327.02487, 225.0599, 1728.6248][166.69194, 270.28192, 1672.2772][368.96918, 290.09637, 1621.6152][191.93819, 208.2852, 1476.0212][343.0595, 209.77567, 1469.7244][271.1079, 286.44644, 1739.3909][233.90079, 348.5435, 1737.9641][299.66824, 353.8925, 1694.8745][233.42307, 474.4285, 1729.3618][311.13077, 462.30396, 1801.0709][252.1383, 558.86523, 1870.3231][308.01285, 567.7373, 1851.4305]
185[279.20288, 136.8131, 1759.7999][275.73898, 223.40161, 1759.6812][225.82944, 221.76628, 1793.4795][327.60333, 225.101, 1725.8828][166.68642, 271.1825, 1691.4126][378.02722, 285.81702, 1627.3947][177.12422, 207.90042, 1484.0737][360.3472, 211.7162, 1471.1356][271.3754, 286.0658, 1739.2284][234.60645, 347.60742, 1740.0696][300.0198, 352.90076, 1697.4817][228.70026, 471.39313, 1745.7499][311.26657, 464.74664, 1787.3519][249.25241, 560.97534, 1866.2836][305.46143, 570.63464, 1838.8234]
186[279.27267, 136.66956, 1757.6307][275.29272, 223.23468, 1761.0355][224.796, 221.77045, 1791.8416][327.58762, 224.75104, 1730.2295][170.53294, 275.85068, 1725.4894][381.15103, 280.96112, 1655.9468][157.695, 215.90787, 1507.5397][380.98688, 214.9748, 1472.4541][271.42358, 285.12848, 1741.3475][235.17336, 346.11877, 1740.8505][300.4866, 350.80923, 1702.4686][229.00446, 469.48517, 1748.8854][310.19394, 465.38943, 1777.8529][249.14148, 560.47, 1864.243][303.49167, 570.1764, 1836.1368]
187[279.47693, 136.4356, 1755.5636][275.5975, 223.43567, 1764.1622][225.13118, 221.87593, 1790.746][327.60803, 225.04314, 1737.5785][166.1274, 272.96606, 1753.5908][383.60434, 279.16403, 1670.6951][137.69586, 213.58878, 1516.147][404.52106, 216.04584, 1479.6409][271.78067, 284.61688, 1743.551][235.36989, 345.0685, 1739.61][301.01028, 349.4982, 1706.2697][230.90291, 450.0808, 1749.3179][311.20508, 468.6087, 1755.4061][253.87042, 548.3983, 1879.5862][301.9593, 569.52765, 1833.8097]
188[279.8859, 136.04071, 1751.4873][275.3578, 224.18869, 1760.1433][224.50583, 222.42645, 1781.0554][327.43262, 225.99332, 1739.2312][162.67133, 270.043, 1769.0834][386.35742, 280.05087, 1685.8612][115.632355, 215.65561, 1542.6069][427.1877, 216.27011, 1489.4011][271.77115, 284.68832, 1741.4142][235.16524, 344.42813, 1735.9104][301.55756, 348.61093, 1709.4597][231.09845, 448.9288, 1748.3094][312.5434, 468.4496, 1752.7361][252.93738, 547.2812, 1876.0905][300.63593, 567.3934, 1838.5446]
189[280.1748, 135.16719, 1741.5243][275.11954, 224.50584, 1758.5082][224.41628, 223.03868, 1782.7548][327.24054, 226.01404, 1734.2616][160.5121, 269.9301, 1774.7177][386.16428, 279.5111, 1709.7502][99.30649, 218.94113, 1570.8447][441.00345, 219.84624, 1520.2562][271.79858, 284.76337, 1740.7295][235.37611, 344.22604, 1738.382][302.03912, 348.33966, 1707.5197][230.44893, 466.63138, 1756.187][310.03134, 465.97806, 1766.7467][251.95915, 557.67224, 1870.5205][300.5954, 568.2855, 1838.0077]
190[280.1689, 134.43213, 1733.8534][274.47714, 224.80383, 1757.1652][223.33792, 223.28482, 1777.7804][326.83054, 226.35893, 1736.5499][159.81915, 272.69583, 1799.6152][385.7542, 280.04553, 1729.0516][86.34245, 219.96982, 1593.2733][453.29965, 222.33498, 1552.8035][271.61942, 285.61743, 1744.6014][235.4797, 345.39996, 1745.2094][302.4702, 349.25586, 1718.8661][228.89352, 466.63202, 1767.5903][311.57938, 470.6157, 1751.3999][251.30222, 558.27954, 1877.2468][302.30017, 571.57153, 1831.2412]
191[280.09274, 134.20682, 1728.903][273.94113, 224.89989, 1756.3411][223.06392, 223.30545, 1780.0468][326.2105, 226.53796, 1732.6354][160.10556, 272.2281, 1824.3416][382.55557, 281.9636, 1747.7588][78.255066, 226.26173, 1643.1794][460.03375, 231.28603, 1592.294][270.79202, 285.75452, 1742.7274][233.79926, 345.41965, 1744.5717][301.99713, 349.75388, 1713.6559][228.88525, 466.6585, 1767.9639][311.2075, 471.39474, 1746.7559][251.26999, 558.8325, 1875.6141][301.50354, 571.78467, 1829.643]
