0[338.90567, 69.89984, 2126.9524][329.93307, 141.74294, 2171.7068][288.2059, 143.039, 2223.7231][373.7082, 140.38329, 2119.6904][244.77585, 181.72397, 2272.836][406.24713, 199.54395, 2135.9368][186.27084, 122.64586, 2135.6057][432.30493, 231.61873, 1911.1466][327.4072, 198.8869, 2157.7297][294.91846, 255.77274, 2180.4412][355.82053, 257.81424, 2107.0642][292.58298, 375.00937, 2153.581][349.57104, 385.39172, 2095.5571][297.46854, 485.53647, 2286.0415][348.61255, 492.36972, 2183.9766]
1[336.35965, 70.12724, 2135.573][328.83768, 142.69171, 2177.658][287.5314, 143.75381, 2232.0562][372.2605, 141.57516, 2123.2598][241.3098, 178.37613, 2302.592][403.187, 199.08661, 2149.3767][185.11287, 121.0168, 2182.595][441.71207, 243.19669, 1957.239][325.50818, 199.94655, 2160.3901][293.8638, 256.92117, 2179.6108][351.3653, 259.36856, 2106.6338][291.40594, 374.58188, 2150.214][349.4588, 384.1051, 2098.1172][297.3292, 486.2094, 2286.6438][348.76968, 491.85175, 2189.5137]
2[334.82556, 70.078186, 2140.508][327.85812, 143.43536, 2181.1958][286.91638, 144.11002, 2237.2095][370.95804, 142.72516, 2125.1821][238.04997, 176.11726, 2315.3916][400.72324, 199.06361, 2157.9954][184.16321, 117.8644, 2206.629][447.3197, 249.62148, 2000.5648][323.8996, 200.98724, 2164.788][292.8106, 257.93704, 2184.7244][347.8823, 260.95035, 2112.0364][290.62048, 375.4784, 2150.0251][347.70157, 383.237, 2095.806][297.2278, 486.90472, 2287.6418][348.261, 491.8228, 2182.6738]
3[331.7574, 70.36319, 2150.2383][325.4142, 144.31952, 2186.3894][284.5246, 145.59418, 2243.6282][368.50238, 142.9763, 2129.1506][233.59091, 175.99133, 2319.0032][397.70807, 198.08127, 2169.4617][186.1177, 115.14151, 2222.321][446.89398, 256.8783, 2065.4246][322.23584, 202.37372, 2170.1003][292.40158, 260.18893, 2190.3186][346.5347, 262.46167, 2117.304][290.43463, 377.49017, 2158.1787][346.9559, 382.00787, 2091.9302][298.12088, 487.14502, 2309.7002][347.2664, 489.0187, 2192.6538]
4[329.31967, 70.665375, 2154.7688][321.10654, 143.45401, 2194.1106][280.34888, 145.12064, 2246.3132][363.8509, 141.70616, 2141.908][230.25769, 175.11575, 2311.7388][394.6454, 197.33955, 2187.009][185.78592, 110.22388, 2227.931][445.1595, 260.45068, 2116.9507][319.36618, 200.03645, 2183.1394][292.89316, 256.59714, 2203.279][343.04156, 257.80106, 2141.0574][290.4914, 375.35657, 2191.7007][340.38245, 385.14456, 2083.249][299.3737, 482.49097, 2322.2947][345.16705, 492.5681, 2192.8887]
5[325.44263, 70.272446, 2160.307][318.74237, 143.1201, 2198.585][278.00787, 144.99187, 2249.1577][361.39496, 141.1602, 2148.0122][227.48901, 175.3974, 2315.8372][391.74982, 196.85072, 2198.4224][190.02644, 108.01166, 2219.8882][441.26202, 261.94693, 2167.5117][317.59174, 199.28815, 2189.836][292.13507, 255.5101, 2210.775][341.39917, 256.31448, 2151.399][290.79898, 374.39246, 2204.7175][337.63733, 383.69464, 2085.007][299.39642, 480.38782, 2330.459][343.4754, 495.3817, 2187.9866]
6[321.78513, 70.00021, 2174.2136][316.87622, 143.14734, 2205.5874][276.6202, 144.64429, 2255.1853][358.9844, 141.58151, 2155.9895][226.2149, 175.30644, 2321.8752][388.34473, 198.14227, 2205.1794][194.07393, 104.91446, 2216.1304][435.21875, 263.62997, 2191.239][315.17072, 199.26253, 2195.6968][287.7576, 255.25734, 2216.9827][339.88547, 256.53195, 2154.6296][290.29166, 374.2586, 2211.423][337.11304, 384.1756, 2088.2778][299.3881, 479.14594, 2338.8542][342.71985, 495.70477, 2192.6743]
7[318.57355, 71.117294, 2189.2173][315.23856, 143.29034, 2210.142][275.12674, 144.85513, 2261.1985][357.24744, 141.6516, 2159.0857][225.79488, 175.6665, 2327.8245][383.51685, 199.3124, 2211.369][200.32239, 105.41884, 2221.1135][430.1113, 266.76178, 2217.8245][313.2909, 200.11237, 2197.714][286.53363, 256.95154, 2216.2786][336.8217, 258.22794, 2154.2937][289.69064, 375.0703, 2215.242][336.23413, 382.70963, 2095.549][299.40146, 479.6692, 2342.8787][342.10086, 490.52924, 2213.8613]
8[316.6927, 72.129745, 2197.967][312.5854, 144.1229, 2217.5886][272.6906, 146.22562, 2269.5461][354.39444, 141.91928, 2165.631][225.32065, 176.96767, 2339.104][379.43704, 199.83984, 2223.312][205.64322, 106.931885, 2223.366][423.66565, 268.884, 2227.9028][311.02985, 200.98662, 2201.4412][284.72583, 258.36777, 2216.8035][334.90024, 259.02307, 2153.784][288.05344, 376.45105, 2228.7896][335.62616, 382.4021, 2096.849][288.64682, 478.16162, 2339.5896][340.34427, 486.5268, 2232.3445]
9[313.9234, 72.832275, 2205.3933][310.4604, 144.52982, 2223.8096][268.92465, 147.37686, 2280.54][354.17078, 141.5337, 2167.079][225.29254, 178.84987, 2363.0056][376.34943, 201.16867, 2235.3716][209.86868, 108.76135, 2231.0056][416.32, 272.06158, 2227.2412][309.39227, 201.40063, 2205.2026][283.89874, 259.23553, 2219.0752][333.44928, 259.24326, 2154.1162][287.19638, 377.36005, 2236.216][334.26874, 381.82065, 2098.723][288.6671, 476.17267, 2342.9482][338.61368, 483.32013, 2248.953]
10[311.2042, 73.515594, 2212.2463][308.81927, 145.05188, 2229.7947][267.27512, 148.07373, 2287.5396][352.5724, 141.86935, 2172.0498][219.18707, 176.78757, 2361.0532][373.27866, 203.10611, 2248.3335][212.89865, 111.15622, 2231.8389][409.0387, 273.50427, 2220.048][307.83893, 201.89503, 2210.2239][282.4309, 259.8282, 2223.6748][331.99835, 259.6772, 2157.6313][287.80695, 377.54648, 2236.042][334.00186, 382.01642, 2098.757][295.15942, 474.1573, 2381.697][337.10516, 480.78564, 2262.463]
11[308.40076, 73.392105, 2215.1882][306.58347, 145.45322, 2237.2297][265.42474, 149.03528, 2297.617][350.02573, 141.67242, 2176.8425][219.0893, 179.37187, 2371.3694][369.4157, 202.1424, 2258.7288][215.7268, 112.4871, 2241.7205][401.39267, 274.4655, 2211.1543][306.10257, 201.9578, 2217.0925][281.0988, 259.84665, 2231.915][330.9197, 259.13852, 2161.9956][286.85614, 378.59302, 2237.9993][332.886, 383.1914, 2103.6912][295.56454, 473.38617, 2391.5503][336.32898, 478.45862, 2267.467]
12[306.48346, 73.40724, 2217.8474][304.1129, 145.41298, 2245.8647][264.72208, 149.6142, 2305.4246][345.64993, 140.98288, 2186.305][218.75342, 180.29514, 2377.9585][365.07172, 199.87949, 2266.4587][215.47418, 113.25365, 2248.3179][393.3673, 273.77393, 2192.526][304.3002, 202.0181, 2222.84][279.67096, 260.59296, 2236.2087][330.1469, 258.9969, 2163.422][285.91742, 378.84674, 2243.6191][332.58514, 383.2071, 2107.0803][294.42963, 472.816, 2381.0156][337.40723, 476.912, 2276.1252]
13[304.4649, 73.98532, 2221.435][302.50034, 145.16467, 2249.9912][263.78845, 149.46014, 2307.5493][343.24484, 140.64368, 2192.433][217.38565, 180.89157, 2384.0403][362.2458, 199.08511, 2269.2007][212.48367, 113.42212, 2254.5762][387.21332, 273.66534, 2182.4956][302.92593, 201.76384, 2226.1099][277.7508, 260.5435, 2239.1572][329.84424, 258.60507, 2165.2998][285.64163, 379.0072, 2246.9624][332.42108, 383.1005, 2108.069][295.2462, 479.24915, 2366.7747][336.88138, 476.01727, 2286.1355]
14[302.01163, 75.47238, 2228.4004][300.22476, 144.6963, 2254.024][261.78918, 149.67937, 2312.2312][340.69806, 139.44905, 2195.8167][216.52414, 181.46245, 2386.419][359.43536, 198.17294, 2267.6929][207.44958, 113.64425, 2261.3694][380.0196, 272.71838, 2167.7266][301.5288, 201.42038, 2229.532][277.0761, 260.80795, 2242.8533][329.54742, 257.9522, 2167.2268][284.97586, 379.33545, 2251.3074][332.08774, 382.55518, 2107.4363][293.487, 482.80237, 2360.7346][336.25223, 473.21198, 2287.843]
15[301.5887, 75.36302, 2228.8452][299.76065, 145.2811, 2256.2568][261.33664, 149.73883, 2312.2668][340.14093, 140.5964, 2200.2468][215.36798, 181.00449, 2389.4915][359.18665, 199.18344, 2268.7498][200.94789, 111.67262, 2267.8047][375.55835, 271.1145, 2147.1697][300.56964, 201.29256, 2232.6218][275.03275, 259.6782, 2246.281][328.6646, 257.28662, 2171.6926][283.0666, 376.06732, 2257.6667][331.65698, 382.26447, 2105.2568][294.20782, 478.0923, 2376.4697][324.82785, 447.8949, 2365.302]
16[299.79697, 75.529205, 2231.9878][298.3922, 146.49414, 2260.2854][259.52908, 150.96458, 2314.157][339.1531, 141.8054, 2206.4138][214.26749, 180.6225, 2391.5427][358.95685, 200.72087, 2271.2156][192.13525, 113.31917, 2269.4756][370.79297, 271.64304, 2133.7275][299.54752, 201.3468, 2238.397][274.15598, 258.57407, 2252.3047][328.16757, 255.94914, 2180.7124][282.8496, 372.22388, 2253.7507][331.34274, 381.77988, 2103.2012][294.36356, 477.0089, 2377.7754][322.8633, 454.1192, 2314.7383]
17[299.26938, 75.72356, 2235.3918][298.12628, 146.45914, 2261.2349][259.4698, 150.51497, 2312.9126][338.59097, 142.2136, 2209.5571][212.42993, 181.15628, 2390.802][358.2504, 201.32845, 2266.8625][182.20142, 113.359825, 2285.4084][367.48068, 270.80832, 2118.4229][299.06934, 201.22675, 2241.283][274.76978, 258.01373, 2254.206][326.04776, 255.91156, 2188.456][278.242, 377.32755, 2248.889][325.49252, 382.4278, 2118.336][291.19043, 476.28192, 2340.3882][319.09082, 490.97058, 2163.293]
18[298.78302, 75.6405, 2237.4172][297.04367, 147.00436, 2268.553][259.03043, 151.51573, 2319.0493][336.78775, 142.28757, 2218.0566][208.19293, 181.67123, 2390.5571][357.7345, 201.89386, 2260.3464][172.54602, 115.42728, 2292.3914][364.2118, 269.15192, 2105.3723][298.32684, 201.50018, 2243.607][273.17053, 258.68945, 2252.7654][326.93353, 255.70763, 2184.5564][274.2515, 366.42224, 2240.5942][328.22598, 381.2401, 2116.0017][293.0551, 475.84555, 2342.0295][320.1298, 489.45764, 2158.229]
19[298.28534, 75.661804, 2240.9653][296.6265, 146.92633, 2271.4526][259.02927, 151.44373, 2322.1333][335.93973, 142.20273, 2220.772][208.54274, 182.24905, 2396.0298][358.1419, 201.45987, 2260.4163][164.499, 118.99776, 2301.0942][360.35327, 268.15796, 2097.9668][297.89447, 201.35495, 2246.287][272.4254, 258.52017, 2256.124][326.8141, 255.46559, 2186.1191][276.09875, 362.74716, 2259.7227][328.34842, 380.78577, 2115.2983][295.9648, 476.73016, 2343.63][321.78775, 490.41656, 2148.598]
20[298.20282, 75.92322, 2242.531][296.13712, 146.98929, 2272.3198][258.1484, 151.32507, 2323.9504][335.89227, 142.45187, 2220.6892][206.72876, 182.1734, 2398.4631][358.09714, 201.37567, 2259.6467][157.05862, 123.011566, 2315.145][360.1518, 269.90833, 2082.96][297.17166, 200.91394, 2248.9514][271.55585, 257.3136, 2260.8052][325.7578, 254.58522, 2190.3608][271.4584, 361.10098, 2298.047][326.24713, 380.00037, 2101.4998][298.77097, 469.27957, 2373.891][322.60278, 491.40363, 2139.3147]
21[298.02094, 76.26167, 2243.5085][296.16528, 146.6892, 2271.409][258.08392, 150.68462, 2323.242][336.02524, 142.50716, 2219.576][207.311, 181.99814, 2401.12][358.3475, 201.5075, 2258.8074][152.03738, 126.68466, 2313.9429][358.08832, 267.49844, 2079.2673][296.7948, 200.20662, 2249.4717][270.96506, 255.87834, 2262.5986][324.7551, 253.64276, 2192.4702][271.44287, 358.0949, 2285.5583][325.555, 379.65643, 2107.6213][296.95947, 467.0122, 2355.719][323.23874, 492.05112, 2132.1067]
22[298.45532, 76.355606, 2242.3809][295.6496, 147.00803, 2272.6577][257.0659, 151.8244, 2322.9082][335.97812, 141.97388, 2222.4072][206.72867, 183.09831, 2399.7524][358.94534, 200.99364, 2253.6792][150.44238, 132.4156, 2314.1428][359.1435, 266.72623, 2063.3572][297.35867, 199.93816, 2248.9182][274.5841, 255.58455, 2256.1353][324.31613, 252.366, 2194.2222][270.76428, 358.3678, 2296.3557][324.19052, 379.21582, 2109.3892][298.5288, 469.18417, 2369.6963][322.3907, 491.57553, 2132.2075]
23[298.39093, 76.66148, 2243.6716][295.31714, 147.30202, 2274.013][256.4559, 152.01755, 2324.0154][335.9258, 142.37447, 2224.0105][205.62497, 183.04755, 2398.4612][358.96616, 201.2799, 2252.9482][148.04823, 133.74466, 2311.7454][358.17313, 266.57874, 2063.1145][296.9186, 200.126, 2250.5078][273.7305, 255.60715, 2257.9797][324.07764, 252.47949, 2196.0256][271.30118, 358.217, 2303.6367][323.13657, 380.4457, 2103.0698][298.9293, 470.1384, 2366.6257][322.0065, 492.41248, 2132.3088]
24[298.53326, 76.69194, 2244.4854][295.20648, 147.78726, 2276.2002][256.24304, 152.40802, 2324.9565][335.87564, 142.96423, 2227.4438][205.60773, 183.2536, 2397.6946][359.40506, 201.67381, 2246.9922][147.14897, 134.9195, 2304.4143][359.38113, 268.31955, 2062.4194][296.73337, 200.2171, 2252.1797][273.50497, 255.30043, 2258.2375][323.75983, 252.21257, 2198.0808][273.44278, 359.7721, 2313.759][323.47903, 381.18018, 2104.9382][298.3272, 473.8388, 2337.6428][321.74615, 491.6959, 2137.6987]
25[298.93292, 76.64662, 2243.2732][295.18683, 147.96036, 2276.1033][255.96643, 152.37491, 2323.8845][336.0892, 143.3565, 2228.322][206.29593, 183.18811, 2396.1277][359.5449, 202.31808, 2242.3352][148.78276, 133.659, 2305.0684][360.5296, 269.8857, 2060.9336][296.53568, 200.03244, 2252.5847][273.01562, 254.63002, 2258.5024][323.47675, 251.73845, 2199.63][272.74353, 361.73315, 2288.7068][321.09933, 382.65222, 2101.036][297.36722, 473.52368, 2301.2432][321.52515, 491.91946, 2138.0942]
26[299.20624, 76.71706, 2242.1143][295.39233, 147.90561, 2275.7273][256.1029, 152.17444, 2321.873][336.30807, 143.46007, 2229.5815][206.92624, 183.44899, 2394.629][359.44702, 202.68546, 2242.6729][150.6766, 132.42102, 2302.1023][361.26443, 271.37424, 2063.7854][296.64078, 199.46411, 2252.013][272.82547, 253.52167, 2256.9062][323.65875, 250.68196, 2199.691][273.15356, 364.74997, 2275.723][321.9006, 381.97943, 2102.5134][297.56302, 476.24426, 2294.2979][321.48645, 491.38818, 2138.4705]
27[299.49768, 76.79152, 2241.5796][295.9537, 148.48877, 2275.218][256.5885, 152.35017, 2321.0298][336.9367, 144.46869, 2229.4062][207.56546, 184.16069, 2394.8933][359.40042, 202.87178, 2238.86][152.6873, 129.49222, 2290.0745][362.03384, 272.4743, 2068.019][296.75412, 199.79633, 2252.2][272.12277, 253.3359, 2257.9697][323.68524, 250.96034, 2200.394][273.02347, 366.46637, 2265.222][320.62177, 383.62305, 2095.8677][298.36368, 476.85806, 2288.5132][321.55682, 491.48474, 2132.01]
28[299.8365, 76.76407, 2240.603][296.01318, 148.44342, 2274.6106][256.57367, 152.41658, 2319.8528][337.05347, 144.30899, 2229.3684][209.54227, 184.8067, 2387.504][359.14288, 204.8869, 2229.8003][157.9257, 126.829056, 2282.2634][361.2959, 273.22354, 2075.9497][296.9282, 199.85353, 2250.5596][272.3986, 253.62982, 2254.8755][323.98456, 251.08646, 2198.1416][274.37842, 370.84326, 2249.4868][320.6942, 383.9662, 2094.7004][300.49258, 485.68814, 2283.1118][321.68417, 491.26047, 2124.3389]
29[300.18506, 76.71684, 2239.596][296.036, 149.3335, 2267.3071][256.45306, 154.02367, 2320.6335][337.52582, 144.41739, 2213.9807][208.9654, 186.0874, 2389.8376][359.2795, 204.06342, 2224.8357][161.8215, 123.16323, 2276.9897][364.96835, 276.9374, 2079.1848][296.93658, 201.91711, 2239.7712][271.31833, 257.31244, 2246.8179][325.24374, 254.25937, 2177.6528][273.86246, 374.92316, 2242.5557][322.00546, 381.0232, 2096.0251][299.4408, 485.72595, 2283.2195][323.02963, 482.9334, 2144.2803]
30[300.404, 76.78473, 2238.3916][296.0014, 149.2519, 2267.085][256.88074, 154.14853, 2321.6956][337.0533, 144.11357, 2212.4744][207.91483, 184.80101, 2380.3577][358.7017, 205.02838, 2218.8447][167.35204, 116.823364, 2268.689][364.32446, 273.51767, 2061.851][296.84195, 202.50279, 2236.6716][270.96814, 258.83102, 2242.2688][325.3305, 255.55914, 2170.2478][273.37277, 376.78134, 2237.9373][323.97726, 379.39856, 2103.4202][298.47992, 487.76428, 2303.9385][323.6856, 481.7137, 2148.7048]
31[301.51785, 76.7655, 2235.7078][295.81393, 149.25186, 2265.6663][256.8656, 154.4448, 2322.6184][336.77087, 143.7911, 2208.714][209.00684, 184.03156, 2379.6838][357.9477, 206.3555, 2210.9468][175.2497, 111.48427, 2251.3398][368.32278, 280.32846, 2089.7349][296.77026, 203.1048, 2234.2402][270.55255, 260.2481, 2241.1475][325.9187, 256.6784, 2164.481][272.82773, 378.0019, 2232.741][324.527, 378.85376, 2107.1936][298.80173, 478.24475, 2322.592][325.15842, 480.70978, 2152.5496]
32[302.69504, 76.681625, 2230.949][296.03714, 148.97057, 2261.7253][257.13858, 153.89555, 2317.1133][336.88873, 143.79831, 2206.3374][208.42108, 181.51653, 2374.562][357.48627, 206.77869, 2208.2874][183.4622, 110.75192, 2237.3557][370.1748, 279.93423, 2097.1023][296.81152, 203.08022, 2230.6462][270.25995, 260.33554, 2237.1274][325.90582, 257.04623, 2162.0068][272.8507, 379.27612, 2227.7344][324.5364, 379.7463, 2107.785][298.83182, 479.04663, 2320.5298][325.70944, 479.80005, 2153.9932]
33[305.48108, 75.95216, 2218.2517][296.77875, 148.9043, 2252.9827][257.7427, 153.62207, 2311.0286][337.87943, 143.93697, 2194.9368][209.5509, 181.76457, 2372.739][356.68362, 206.94315, 2202.671][190.74115, 110.691925, 2210.0142][371.36728, 279.54333, 2094.6562][297.2693, 203.1069, 2224.8616][270.64633, 260.05847, 2235.7373][325.8789, 257.28683, 2157.7437][273.45438, 380.35077, 2225.1187][324.74344, 380.79004, 2105.2307][298.84518, 481.0313, 2309.983][325.71466, 479.31128, 2154.227]
34[306.86127, 75.3107, 2211.016][298.7075, 149.19582, 2243.3906][258.3812, 153.64111, 2307.5154][341.40698, 144.48892, 2179.2659][211.01694, 179.52899, 2364.0725][356.6948, 206.81412, 2199.5447][196.82506, 108.735306, 2187.2869][372.93002, 279.17734, 2095.1355][298.4488, 203.27762, 2217.3594][270.8092, 259.59756, 2233.4763][326.63232, 257.65366, 2149.18][274.17484, 380.15863, 2222.146][325.09003, 381.63995, 2103.6665][299.46753, 476.8103, 2315.8406][325.7446, 479.2105, 2154.52]
35[307.5975, 74.62247, 2206.32][300.16638, 149.15178, 2238.686][259.10666, 153.38467, 2304.6812][343.7205, 144.66177, 2172.691][211.45718, 175.97702, 2350.3599][357.11282, 206.57864, 2199.8914][202.92441, 106.73341, 2159.675][373.25394, 278.71045, 2094.529][299.42233, 203.49567, 2212.2588][271.33826, 259.87497, 2228.336][327.0659, 258.40363, 2143.3271][274.67072, 379.26843, 2223.1555][325.2177, 382.27597, 2103.834][299.7795, 474.69537, 2317.2424][322.51337, 472.35962, 2179.8804]
36[308.94006, 73.98837, 2198.3281][302.43976, 148.1232, 2228.511][261.3067, 151.97427, 2291.3767][345.96094, 144.04857, 2165.6453][210.83746, 174.42882, 2336.463][361.00037, 209.76622, 2186.6902][211.09476, 106.82121, 2132.2212][371.7649, 277.4908, 2097.2766][301.4625, 203.31886, 2202.2168][274.48346, 260.34543, 2214.342][327.37363, 259.3337, 2137.5032][276.6237, 380.73315, 2225.2166][325.45993, 383.972, 2100.8228][305.97543, 480.11584, 2319.1304][319.47482, 514.8247, 2122.2373]
37[309.90396, 73.497574, 2191.9993][303.79956, 147.27321, 2222.4556][262.77332, 151.38315, 2284.6267][347.18723, 142.92671, 2160.2844][210.94376, 173.17947, 2325.446][360.25223, 207.96152, 2191.99][218.4938, 106.23306, 2115.0376][374.6399, 276.26288, 2093.2349][303.09705, 202.77684, 2195.0828][276.094, 260.35614, 2206.2083][329.61002, 258.98392, 2129.2117][278.71777, 381.7363, 2222.5034][325.8577, 383.7904, 2101.4104][304.0629, 478.8915, 2334.4102][319.95203, 510.7185, 2125.2534]
38[312.27164, 72.55122, 2181.9045][305.833, 145.6585, 2214.163][264.87997, 149.41254, 2273.1426][349.02753, 141.69899, 2155.1836][211.56015, 172.07275, 2314.7603][367.95035, 204.81671, 2189.208][227.75217, 108.132, 2100.8572][376.1934, 274.181, 2082.0674][304.96814, 201.76477, 2187.438][277.8534, 259.7761, 2197.266][331.21304, 258.72406, 2124.1597][281.50412, 382.51794, 2207.5679][326.40283, 383.291, 2098.9126][303.96777, 477.13177, 2327.0603][320.85355, 507.09885, 2124.8801]
39[314.25052, 71.52127, 2171.0203][307.1044, 144.38548, 2205.8757][265.93503, 148.02936, 2265.6777][350.5682, 140.53851, 2146.0737][215.1083, 171.70615, 2305.5544][370.81253, 203.79321, 2180.1096][233.90915, 111.59477, 2087.023][376.12387, 273.86697, 2072.7678][306.1808, 200.79936, 2181.3672][278.98883, 258.8987, 2193.8203][332.39883, 258.07785, 2119.897][282.4804, 383.29947, 2199.8962][327.03854, 380.34622, 2077.6523][302.48102, 480.94092, 2306.5588][322.36703, 505.91443, 2117.3452]
40[316.46536, 70.301834, 2160.5088][309.63483, 142.23679, 2192.6677][268.109, 145.65736, 2244.322][353.16434, 138.65114, 2141.0134][217.74632, 172.57227, 2290.6248][372.62814, 202.12799, 2169.647][238.1049, 112.42748, 2066.6138][378.80508, 273.15213, 2064.6243][308.96808, 198.6843, 2166.6592][282.26157, 256.99933, 2172.002][335.08237, 255.99283, 2109.2993][282.80936, 383.5968, 2193.4402][329.43655, 379.97006, 2057.1567][299.48203, 482.41046, 2270.0715][323.9036, 503.18704, 2119.3516]
41[318.6818, 69.40361, 2148.7761][312.00183, 140.47595, 2179.5518][271.1375, 143.51709, 2229.8772][354.79785, 137.29106, 2129.2263][219.80981, 172.55939, 2283.9504][374.1549, 201.66869, 2158.7456][239.16797, 111.66124, 2063.5063][381.10822, 273.1738, 2049.1885][311.2284, 197.4679, 2157.705][284.80206, 255.90347, 2166.5613][336.82397, 255.33984, 2105.1555][283.7825, 382.78625, 2187.128][331.29538, 380.61752, 2047.1733][295.1868, 487.2126, 2233.4539][325.1076, 502.46848, 2116.8555]
42[319.94318, 69.26752, 2143.0396][314.36032, 140.18484, 2173.1995][273.6483, 142.50687, 2227.4648][357.1576, 137.74388, 2118.934][221.2858, 170.41188, 2279.3804][375.26288, 203.79951, 2147.9897][240.56848, 107.26399, 2061.4][382.44708, 277.34918, 2035.1931][312.5115, 197.74048, 2155.003][283.71704, 255.94098, 2171.8633][338.44315, 256.62292, 2101.7495][285.2966, 380.47455, 2172.587][331.5125, 382.0926, 2043.3208][294.72476, 486.88223, 2224.3926][325.8128, 501.87903, 2112.6487]
43[321.71378, 69.033875, 2136.7646][316.41025, 141.03888, 2164.5415][277.45673, 143.1277, 2220.0798][357.41534, 138.84004, 2109.0032][223.24467, 169.13994, 2285.8967][377.31027, 205.52643, 2133.754][236.26306, 103.519394, 2066.8425][384.64722, 277.6983, 2008.7595][314.18414, 198.67802, 2147.9214][283.1015, 256.6095, 2171.6133][341.85648, 257.84613, 2090.9893][287.94104, 386.14478, 2120.4136][333.9507, 383.12415, 2042.768][293.8424, 488.2841, 2213.4119][327.0618, 497.8572, 2127.9177]
