201[-352.1273, 185.06973, 2144.724][-373.01303, -55.64322, 2164.582][-514.97974, -56.379196, 2222.75][-231.04633, -54.90724, 2106.414][-594.1563, -246.47334, 2299.4][-177.93243, -269.36755, 2082.7178][-688.95135, -548.4027, 2213.3687][-101.402016, -547.0393, 1976.9779][-381.7394, -242.65529, 2140.918][-482.9683, -430.1469, 2155.1548][-297.9633, -429.1878, 2079.353][-478.36926, -913.0836, 2156.7043][-308.44446, -905.03107, 1997.4097][-374.49924, -1340.117, 2306.7295][-316.47055, -1319.6346, 2206.4395]
202[-348.31885, 186.13528, 2109.255][-370.03622, -59.394165, 2143.4944][-515.7982, -59.440918, 2211.002][-224.27428, -59.347412, 2075.9868][-594.53564, -251.09929, 2294.4004][-178.23318, -265.4347, 2073.7961][-696.61115, -554.55597, 2230.048][-64.359024, -533.27655, 1988.3644][-378.45642, -243.49373, 2125.186][-483.27063, -427.6242, 2151.5212][-290.4826, -427.56238, 2062.2341][-479.59866, -781.931, 2146.6072][-277.03983, -905.87134, 1996.7266][-414.7829, -1055.4113, 2238.135][-308.4941, -1312.4948, 2218.8123]
203[-346.90833, 185.37538, 2090.4595][-366.5212, -62.45453, 2113.7593][-507.93893, -59.567932, 2176.069][-225.10347, -65.341125, 2051.4492][-591.13, -241.85617, 2290.239][-177.1934, -264.6795, 2055.6616][-703.32733, -541.8054, 2241.3884][-44.440628, -520.56433, 1984.8964][-374.0968, -243.57846, 2104.9565][-483.63065, -422.62125, 2141.0774][-279.71414, -426.78354, 2051.2302][-482.2885, -905.2345, 2122.8005][-259.8998, -907.9153, 2014.203][-384.78827, -1333.8356, 2272.63][-297.90918, -1317.2776, 2230.147]
204[-346.6953, 186.52637, 2070.4697][-365.47458, -61.824097, 2094.6812][-511.35986, -62.1447, 2150.706][-219.58928, -61.503494, 2038.6562][-586.60345, -239.5711, 2261.098][-162.023, -254.1238, 2064.0835][-704.15765, -541.5855, 2229.34][-20.29715, -503.93683, 1988.575][-369.3264, -243.04478, 2083.6143][-467.81293, -424.47345, 2108.8904][-278.54346, -424.0575, 2036.2043][-471.14975, -907.28906, 2120.2644][-269.21725, -906.15076, 2008.8098][-387.9743, -1335.772, 2278.815][-297.3045, -1321.6953, 2214.2068]
205[-344.46777, 189.73917, 2050.441][-362.99216, -60.40953, 2082.5486][-511.2311, -64.022, 2133.1125][-214.75319, -56.79706, 2031.9849][-580.93274, -246.526, 2234.0764][-153.32693, -244.72673, 2065.1875][-702.5608, -540.02374, 2207.2607][-3.4748535, -492.79376, 1989.3232][-364.29962, -242.0483, 2065.7385][-459.64127, -425.9786, 2081.0032][-271.5729, -421.3955, 2016.8536][-453.32312, -908.6272, 2097.1853][-269.21747, -904.29395, 2009.4438][-386.32114, -1329.606, 2281.4177][-297.2715, -1327.2975, 2199.009]
206[-343.40878, 192.91731, 2030.872][-361.35782, -54.86499, 2055.914][-509.65024, -55.70964, 2111.3782][-213.06541, -54.02034, 2000.4501][-578.9242, -245.35092, 2209.9272][-143.39627, -235.41307, 2054.6982][-700.17773, -533.59314, 2193.4067][7.159775, -481.21472, 1973.1033][-362.62415, -238.98558, 2049.7244][-457.8504, -423.64136, 2078.6772][-269.93054, -422.57098, 2008.392][-465.96146, -905.838, 2052.7554][-265.39856, -905.484, 2003.3027][-387.0241, -1313.4319, 2260.818][-295.56488, -1335.9166, 2174.976]
207[-342.4871, 195.80412, 2010.8123][-358.61642, -50.69684, 2042.2308][-510.57385, -53.1315, 2091.7644][-206.659, -48.262177, 1992.6971][-583.9138, -244.012, 2183.4966][-124.14846, -232.23799, 2034.39][-708.2127, -531.39636, 2167.4238][18.680122, -475.34497, 1961.831][-359.11252, -235.20193, 2031.64][-454.08493, -421.22073, 2051.8457][-265.1323, -418.19333, 1990.2527][-471.3074, -903.8706, 2053.8123][-253.1092, -900.89307, 1979.8707][-396.32495, -1311.6924, 2262.889][-293.89484, -1328.7593, 2155.7146]
208[-341.2215, 199.77766, 1997.7346][-352.57446, -48.182922, 2017.798][-506.02878, -52.16365, 2054.2817][-199.12016, -44.202194, 1981.3142][-585.5193, -238.8315, 2160.9548][-114.293785, -232.35764, 2024.5621][-708.0695, -527.85175, 2131.7915][24.150597, -475.28223, 1938.3658][-350.81033, -231.88669, 2005.1741][-441.30185, -417.98364, 2014.4839][-256.79056, -413.19727, 1970.6165][-480.8023, -898.3766, 2044.712][-241.48358, -895.912, 1972.502][-410.3476, -1308.5902, 2250.661][-286.54468, -1323.1931, 2148.7246]
209[-339.49335, 206.02223, 1975.1138][-345.53183, -48.022568, 1998.2076][-499.70444, -50.44638, 2032.1948][-191.35922, -45.598755, 1964.2205][-579.8523, -235.37657, 2125.3218][-103.14691, -233.54839, 2010.3593][-710.3147, -517.7928, 2078.9934][27.072586, -475.67776, 1909.6244][-345.63223, -230.59517, 1984.7318][-439.5328, -414.64246, 1991.9342][-251.93246, -411.6931, 1950.5778][-477.28708, -893.66364, 2040.5625][-236.17612, -893.99756, 1970.2133][-415.89972, -1306.8152, 2243.5193][-280.94437, -1325.1135, 2136.913]
210[-337.87955, 207.89458, 1952.336][-341.70035, -47.083923, 1982.693][-494.63367, -47.834305, 2011.7633][-188.76703, -46.33354, 1953.6227][-581.2743, -233.8646, 2105.8428][-90.15943, -232.4428, 1989.6729][-723.23956, -511.49832, 2028.2212][40.290504, -460.98785, 1861.0906][-342.90955, -229.53462, 1971.622][-438.77768, -412.44977, 1978.5441][-249.45981, -411.52087, 1942.5577][-441.8016, -893.8877, 2016.7504][-224.62866, -891.4708, 1990.3365][-409.27515, -1308.5555, 2223.261][-283.79706, -1325.2566, 2145.2012]
211[-334.59103, 208.57881, 1938.8387][-341.41058, -45.345978, 1967.5903][-493.65887, -44.85884, 1991.236][-189.1623, -45.833115, 1943.9447][-586.4859, -234.86873, 2086.6929][-82.734184, -230.25017, 1964.4835][-738.02704, -495.5952, 1974.4562][53.151512, -436.61377, 1812.9128][-343.5993, -227.41786, 1957.2487][-439.28827, -409.19058, 1961.4285][-252.2878, -409.7889, 1932.3855][-447.37494, -890.99243, 1993.8777][-213.92416, -891.1359, 1941.586][-413.5576, -1300.7737, 2209.7244][-276.21436, -1315.0342, 2120.7068]
212[-331.3902, 209.21025, 1923.6558][-340.83856, -45.3024, 1958.5968][-493.7466, -44.37329, 1978.1322][-187.93051, -46.231506, 1939.0614][-588.2572, -238.15353, 2063.0708][-78.67185, -230.37468, 1945.0723][-756.42847, -491.4676, 1912.7657][58.67742, -401.88177, 1767.2074][-343.02725, -229.05418, 1950.2045][-438.1085, -412.24152, 1953.6799][-252.32341, -413.37042, 1929.9443][-446.1711, -894.34607, 1981.2764][-214.89369, -894.5858, 1946.74][-412.00085, -1304.2917, 2196.755][-274.1643, -1328.2179, 2101.9954]
213[-329.5734, 209.47719, 1915.4988][-340.22925, -44.07161, 1947.5667][-494.3015, -44.281082, 1964.14][-186.157, -43.862137, 1930.9933][-589.7031, -232.38814, 2022.6019][-58.91741, -232.467, 1919.6908][-771.68353, -465.6781, 1860.9044][46.608665, -368.3912, 1775.6868][-341.0091, -228.53648, 1937.9854][-432.6397, -413.12488, 1938.1768][-250.93816, -412.87784, 1918.6313][-436.15997, -894.3835, 1978.5391][-220.46678, -893.12134, 1959.729][-405.27545, -1306.9221, 2189.5178][-274.12924, -1334.574, 2093.497]
214[-327.04367, 211.06688, 1901.1794][-337.28775, -43.726456, 1933.6409][-494.17227, -46.436584, 1953.2126][-180.40323, -41.016327, 1914.0691][-595.6779, -234.48633, 2004.3265][-46.70259, -231.80467, 1901.6014][-788.001, -428.73193, 1806.3542][86.168106, -343.6801, 1673.225][-335.6358, -230.30074, 1921.0474][-425.4185, -418.45453, 1919.8606][-242.5492, -415.29553, 1897.0471][-444.58322, -900.3926, 1944.7578][-226.12207, -894.98315, 1950.7258][-412.05234, -1309.2405, 2162.563][-274.97302, -1336.8959, 2084.818]
215[-326.67493, 211.8972, 1891.2863][-334.04034, -45.626144, 1916.5715][-492.7304, -47.153427, 1937.5602][-175.35028, -44.09886, 1895.5829][-606.7511, -238.96043, 1987.5215][-39.71765, -228.73341, 1892.853][-792.2824, -405.38788, 1898.0106][70.251274, -302.5792, 1674.8262][-333.27078, -232.74908, 1908.7734][-425.49673, -420.76703, 1913.2751][-239.5057, -418.977, 1888.6755][-453.09244, -902.8668, 1904.9266][-227.2617, -899.6033, 1934.5][-422.15448, -1300.9094, 2142.1165][-274.47003, -1341.342, 2069.749]
216[-326.47812, 213.94489, 1876.9674][-333.7772, -45.693024, 1906.1946][-491.09442, -45.93039, 1935.062][-176.45996, -45.455658, 1877.3271][-612.95917, -235.87547, 1984.7579][-38.094147, -227.83151, 1874.158][-800.29596, -350.75107, 1728.6493][87.58499, -258.25433, 1607.6047][-335.54004, -233.37663, 1895.0443][-427.83923, -421.19684, 1900.5073][-246.76654, -420.92365, 1867.2808][-452.38013, -903.447, 1891.3463][-221.45073, -902.6948, 1889.797][-415.00336, -1308.7327, 2114.9546][-265.31738, -1331.9371, 2061.4966]
217[-326.74332, 215.48438, 1867.218][-334.05, -45.75537, 1898.2197][-491.21317, -45.211365, 1924.4634][-176.88684, -46.299377, 1871.9761][-620.63715, -233.44737, 1973.517][-38.747574, -225.54468, 1868.9719][-786.9938, -290.35464, 1703.5151][89.56554, -210.71902, 1586.2504][-335.8795, -232.65393, 1891.1377][-429.4189, -419.23505, 1899.3698][-245.99904, -419.86993, 1868.7416][-453.20407, -900.8418, 1872.1571][-208.31483, -901.3583, 1868.2139][-415.66544, -1310.1243, 2088.3347][-253.89026, -1333.9463, 2030.8315]
218[-327.4982, 216.65744, 1857.575][-335.54517, -46.581665, 1889.1204][-493.3841, -45.996735, 1912.4945][-177.70624, -47.166595, 1865.7462][-622.07446, -232.12549, 1967.1566][-41.11734, -219.7361, 1861.5092][-777.4711, -248.965, 1688.012][94.864685, -176.02821, 1568.3201][-336.68674, -232.3676, 1886.0607][-430.10522, -417.81158, 1896.6661][-245.55139, -418.49548, 1869.3358][-452.17923, -898.77496, 1858.7407][-209.89018, -899.4601, 1843.7864][-419.91254, -1311.5024, 2069.1426][-254.02013, -1328.5364, 2015.8331]
219[-327.5831, 218.07507, 1852.4504][-335.92676, -47.206604, 1879.421][-494.49612, -46.628952, 1897.7839][-177.35739, -47.784256, 1861.0581][-624.68225, -231.16426, 1952.8271][-41.849487, -207.16127, 1862.2812][-762.84595, -216.4302, 1663.271][80.384026, -129.13113, 1565.5227][-337.19052, -229.9828, 1874.2576][-430.28027, -412.4245, 1879.7279][-246.6283, -413.0935, 1858.4603][-462.62936, -893.673, 1855.1357][-202.50247, -889.9979, 1796.2794][-426.01108, -1307.1492, 2063.3438][-243.9776, -1319.5559, 1967.7839]
220[-327.85474, 219.194, 1845.1364][-334.63577, -45.089996, 1870.94][-491.98975, -44.84459, 1882.8855][-177.28181, -45.335403, 1858.9944][-622.61456, -226.46443, 1928.7277][-38.789215, -194.33011, 1864.4573][-762.4641, -172.64757, 1634.9656][75.6042, -154.13582, 1620.9403][-335.5153, -227.81238, 1863.1079][-426.0299, -410.39496, 1862.0806][-246.7597, -410.67456, 1848.4712][-466.14496, -891.66736, 1866.4484][-178.56207, -884.397, 1783.7599][-436.58624, -1309.6746, 2066.5742][-221.39981, -1321.3566, 1935.0386]
221[-328.8577, 220.7928, 1833.7325][-334.00827, -40.936996, 1861.8][-490.5981, -40.61389, 1881.4695][-177.41841, -41.2601, 1842.1306][-616.78033, -222.43716, 1909.05][-28.637787, -188.36337, 1830.0576][-747.2179, -140.47105, 1630.2697][56.35063, -51.068634, 1545.4939][-335.5503, -226.64238, 1852.5742][-425.4446, -412.16547, 1854.4464][-248.74, -412.53006, 1832.2504][-470.84247, -892.9859, 1855.8953][-212.28094, -881.0838, 1720.9869][-436.337, -1316.2748, 2043.7516][-235.00168, -1312.6772, 1890.8837]
222[-330.7478, 221.36028, 1818.4727][-334.5019, -34.998245, 1853.2778][-489.31836, -34.573593, 1876.6987][-179.68544, -35.422897, 1829.8569][-618.571, -215.97853, 1892.4514][-25.4581, -187.16685, 1808.6206][-741.6306, -100.08031, 1604.7219][34.768623, -25.406754, 1543.0502][-336.35663, -223.44226, 1844.4343][-425.69083, -411.6463, 1848.8248][-250.73189, -412.12622, 1822.3568][-469.67926, -892.52466, 1857.3354][-208.94824, -866.4536, 1663.9519][-428.4817, -1316.4407, 2042.4086][-225.85815, -1296.458, 1838.4923]
223[-331.4651, 222.94485, 1809.5956][-334.9462, -30.936523, 1846.3789][-488.569, -30.365433, 1870.1843][-181.32338, -31.507614, 1822.5735][-623.19055, -211.8055, 1862.647][-22.841782, -184.62022, 1795.2512][-725.8203, -63.710968, 1583.1537][13.577427, -2.275299, 1539.2046][-336.85577, -221.50694, 1838.6274][-425.90118, -411.75342, 1844.3785][-251.62952, -412.4013, 1817.3734][-451.84012, -893.88184, 1832.9464][-211.75204, -893.3689, 1799.1715][-418.5352, -1313.412, 2029.2605][-249.28513, -1311.2529, 1998.2148]
224[-332.88397, 226.54005, 1800.5247][-338.84573, -24.370087, 1832.7385][-491.53604, -23.091019, 1851.4143][-186.15544, -25.649155, 1814.0627][-626.2878, -202.36317, 1847.3308][-30.66861, -179.53947, 1767.0651][-700.065, -30.345032, 1564.0702][-8.119129, 17.124634, 1536.6827][-341.5072, -216.68037, 1824.1495][-432.06808, -408.25433, 1826.3116][-256.26926, -409.727, 1804.8094][-436.30902, -891.1345, 1834.0626][-238.95563, -892.20166, 1817.8389][-410.2293, -1313.5425, 2025.231][-248.22101, -1331.6809, 1967.5927]
225[-335.52628, 229.04588, 1791.5117][-347.3732, -17.616516, 1815.7164][-497.09055, -17.103119, 1837.0593][-197.65587, -18.129913, 1794.3735][-630.5116, -195.58786, 1833.2925][-35.385468, -171.20683, 1747.2466][-677.0093, -7.2920837, 1550.2131][-33.978664, 30.657593, 1528.8044][-349.8851, -203.857, 1802.5757][-442.37732, -389.78894, 1802.262][-262.4167, -390.406, 1776.6079][-454.8617, -872.2547, 1784.308][-223.21945, -871.662, 1786.9813][-413.39908, -1286.2798, 1990.507][-244.09773, -1303.6344, 1956.1497]
226[-339.57117, 232.1411, 1783.1637][-352.75397, -13.846024, 1796.324][-499.6026, -13.689133, 1817.5869][-205.90536, -14.002914, 1775.061][-637.1192, -188.45773, 1812.6007][-42.504623, -161.71759, 1730.3213][-648.0657, 9.388611, 1542.599][-60.035213, 45.30548, 1533.1156][-354.5185, -196.22202, 1785.4832][-446.71777, -378.5014, 1787.7368][-265.84827, -378.69464, 1761.5479][-454.68198, -858.98016, 1739.486][-249.96457, -861.2644, 1772.7521][-414.55713, -1268.9065, 1953.9723][-257.65268, -1294.3578, 1940.159]
227[-345.84003, 233.61769, 1770.4908][-353.46652, -10.206314, 1786.7611][-502.27176, -8.304642, 1797.3661][-204.66125, -12.107986, 1776.1561][-641.3357, -184.30931, 1793.1372][-43.727448, -164.49728, 1735.6296][-626.7394, 12.768753, 1533.187][-85.17554, 48.145065, 1537.4916][-357.0423, -190.23685, 1768.8696][-452.71606, -369.0904, 1757.5417][-268.52008, -371.44437, 1744.4146][-452.4522, -852.04034, 1760.8044][-262.98337, -854.2086, 1757.0376][-413.60962, -1264.4598, 1970.6985][-262.7342, -1291.5127, 1913.3038]
228[-347.34238, 234.20053, 1762.7339][-353.1181, -8.476913, 1783.6808][-502.74893, -5.689743, 1792.7542][-203.48726, -11.264084, 1774.6074][-642.37427, -182.29247, 1775.6146][-34.20244, -154.41063, 1711.3157][-606.21436, 20.85173, 1519.8302][-107.91891, 59.44719, 1536.3372][-357.7426, -186.49985, 1762.1019][-456.9467, -362.76105, 1746.2582][-267.78757, -366.28452, 1734.788][-451.94217, -845.0925, 1770.3955][-269.51978, -849.0033, 1749.9839][-410.8988, -1262.9202, 1968.8634][-258.9123, -1289.8462, 1895.583]
229[-347.8863, 233.20761, 1750.7981][-353.5829, -5.43692, 1777.4325][-503.654, -0.7026062, 1795.1614][-203.51176, -10.171234, 1759.7036][-642.54034, -180.00397, 1759.346][-36.10515, -154.16678, 1687.54][-593.256, 27.639694, 1514.6924][-132.23752, 55.309692, 1531.1581][-362.352, -185.97478, 1751.4148][-460.13123, -363.70462, 1735.9125][-282.11096, -369.32065, 1714.8817][-419.72485, -844.73254, 1751.1055][-250.4685, -851.22064, 1719.6273][-393.36813, -1267.7363, 1940.9137][-245.24188, -1286.3132, 1881.8654]
230[-353.8191, 234.16174, 1735.1031][-358.0277, -0.8805847, 1759.099][-511.21756, 3.5316772, 1774.1984][-204.83783, -5.2928467, 1743.9996][-645.7922, -182.77132, 1741.7063][-38.956024, -153.75066, 1671.0232][-588.29095, 23.52797, 1517.6478][-147.15353, 60.517975, 1518.0691][-365.3055, -182.78716, 1738.4182][-461.2913, -362.13873, 1726.4811][-283.87534, -367.24872, 1708.9938][-447.39343, -844.85364, 1733.1611][-262.68048, -848.5061, 1743.5413][-401.75323, -1272.2869, 1908.8651][-250.55573, -1288.8503, 1890.5244]
231[-361.38953, 239.0758, 1720.6532][-363.16342, 2.04039, 1742.0015][-518.89044, 4.758011, 1764.3718][-207.4364, -0.67723083, 1719.6311][-647.7616, -178.31577, 1729.9208][-53.4899, -152.80588, 1642.6422][-589.5342, 25.87941, 1505.4336][-157.10289, 62.760483, 1514.5872][-368.48825, -180.79492, 1727.145][-462.18048, -362.08813, 1724.9827][-285.44568, -365.17236, 1699.5945][-449.67908, -844.80646, 1733.8223][-262.17297, -846.25867, 1735.172][-405.79364, -1278.3557, 1894.3312][-248.52661, -1287.4648, 1879.4111]
232[-367.41104, 242.06642, 1710.3236][-367.0306, 2.6014557, 1725.1613][-521.193, 4.7667847, 1754.1595][-212.86826, 0.4361267, 1696.163][-654.1088, -166.7979, 1715.5105][-55.28714, -153.15265, 1645.1259][-589.4296, 34.27339, 1485.437][-158.98434, 64.10426, 1511.9695][-371.2744, -180.444, 1716.2682][-462.80173, -362.2635, 1723.7933][-288.2347, -364.71542, 1690.9569][-452.76788, -844.9208, 1737.6718][-296.90695, -846.2039, 1654.2833][-412.86768, -1281.942, 1889.5745][-267.55328, -1272.2706, 1836.6553]
233[-370.20233, 244.18758, 1697.9244][-373.97983, 1.1298218, 1711.9501][-524.09686, 2.5941467, 1747.2388][-223.8628, -0.33450317, 1676.6614][-661.16797, -161.43134, 1697.207][-57.754623, -150.71446, 1646.1288][-596.681, 39.16333, 1469.8269][-160.80682, 71.97269, 1505.683][-377.1836, -183.54868, 1705.9846][-465.0983, -367.40085, 1719.9326][-295.67642, -369.0535, 1680.1057][-460.6815, -850.24915, 1729.3876][-277.7722, -851.667, 1676.2311][-417.26398, -1288.2443, 1877.4729][-258.8363, -1285.1019, 1841.8499]
234[-374.5252, 247.79268, 1685.6372][-379.74893, 2.2052612, 1700.0715][-531.25653, 3.574524, 1724.263][-228.2414, 0.83599854, 1675.8801][-664.5147, -158.9448, 1664.3456][-58.74478, -150.12404, 1658.7275][-599.49115, 19.780289, 1501.374][-145.94269, 77.36168, 1509.8674][-383.46802, -183.53503, 1687.2925][-474.46487, -368.48657, 1688.4492][-299.90933, -370.0641, 1660.5776][-453.39893, -846.1538, 1756.5786][-268.45905, -851.3124, 1686.3137][-412.15475, -1284.3281, 1904.7549][-257.05875, -1291.1891, 1834.7472]
235[-379.6159, 252.65932, 1666.822][-384.87277, 5.089386, 1687.5693][-536.46497, 4.469467, 1709.9413][-233.28055, 5.709305, 1665.1974][-666.8377, -159.50146, 1652.6202][-66.23334, -146.58012, 1657.8595][-636.1459, 48.688156, 1415.215][-128.2181, 77.27359, 1501.3772][-386.5552, -181.24408, 1671.0056][-475.19427, -367.93317, 1667.2749][-301.281, -367.22192, 1641.6089][-458.5137, -842.413, 1762.4037][-271.71518, -846.44714, 1704.2827][-409.8713, -1283.4895, 1903.3148][-256.38983, -1291.464, 1840.2814]
236[-384.2081, 254.77892, 1658.7914][-389.79977, 5.746933, 1680.2079][-540.4254, 4.3943787, 1697.6534][-239.17421, 7.0994873, 1662.7623][-677.899, -166.94257, 1626.4319][-73.460785, -144.48158, 1659.4562][-662.45886, 42.230515, 1394.3285][-106.39464, 76.03157, 1490.1318][-390.32373, -180.1224, 1661.2736][-478.4074, -366.778, 1652.4805][-303.28796, -365.2055, 1632.198][-461.57663, -839.0432, 1764.0002][-271.05115, -843.4935, 1709.371][-402.90448, -1285.5405, 1887.1501][-259.8566, -1292.7709, 1835.833]
237[-387.9078, 255.88414, 1652.5792][-395.28995, 5.4427185, 1676.6862][-545.83765, 2.746399, 1691.7908][-244.74226, 8.139038, 1661.5815][-684.90314, -169.27301, 1610.6587][-76.726135, -143.28923, 1656.6549][-681.7954, 28.582977, 1390.6652][-76.46427, 63.07039, 1476.9105][-394.04434, -179.95955, 1656.0049][-480.9006, -366.93973, 1644.163][-304.69687, -363.7839, 1626.4843][-463.8757, -839.36884, 1760.1746][-275.5244, -843.008, 1706.6783][-407.6347, -1291.9304, 1865.4711][-261.50363, -1294.3618, 1829.7456]
238[-392.69064, 256.8969, 1644.9993][-400.3751, 4.462631, 1671.1096][-552.1822, 0.80152893, 1682.6849][-248.56801, 8.1237335, 1659.5343][-690.2037, -171.66177, 1604.065][-81.514404, -144.07407, 1652.6893][-709.8362, -84.51203, 1448.1571][-41.776432, 42.878784, 1466.0383][-397.389, -181.00523, 1651.61][-482.8151, -368.60532, 1638.8518][-305.99075, -364.34088, 1625.3689][-466.2582, -844.2575, 1747.3441][-292.51346, -850.2368, 1670.2374][-412.01184, -1299.678, 1847.1528][-266.32077, -1300.0264, 1801.8262]
239[-395.89774, 256.93365, 1640.2974][-404.9357, 3.2061005, 1665.1927][-555.9083, -0.38356018, 1674.9213][-253.96304, 6.795761, 1655.4642][-695.469, -172.54678, 1602.5057][-92.15001, -148.36629, 1652.0244][-644.2215, -85.914375, 1523.224][-2.7466507, 5.789749, 1461.3085][-401.7782, -182.06108, 1645.8315][-488.20923, -369.4584, 1632.2434][-309.03217, -365.19812, 1620.6973][-466.10825, -855.8699, 1682.4657][-297.88226, -853.8191, 1647.7534][-415.74695, -1303.3245, 1819.499][-269.27417, -1303.053, 1785.2323]
240[-400.09796, 256.75037, 1630.9891][-410.34314, 1.5978394, 1654.4521][-560.11566, -2.7528076, 1660.6555][-260.57062, 5.9484863, 1648.2488][-703.822, -179.88947, 1606.0905][-108.34906, -153.99054, 1662.4592][-594.31256, 17.072906, 1648.5101][30.581924, -46.494896, 1468.7794][-405.67386, -183.19312, 1637.5844][-491.11087, -370.6015, 1624.4486][-310.8983, -365.36664, 1616.9845][-503.09225, -859.9277, 1629.2622][-289.91025, -847.1942, 1700.7015][-435.19977, -1297.1012, 1789.8857][-263.2906, -1305.1913, 1805.8688]
241[-403.70386, 255.9875, 1621.5948][-414.0685, -0.48683167, 1644.0651][-564.6049, -5.007324, 1644.5431][-263.5321, 4.033661, 1643.587][-705.71735, -183.72626, 1608.4983][-114.43208, -157.52348, 1667.7021][-603.2097, 9.758774, 1636.7786][69.04039, -97.729, 1475.1992][-408.56564, -185.29352, 1629.3313][-493.29785, -372.80988, 1614.884][-312.8277, -367.3905, 1614.311][-500.42267, -862.22314, 1620.4253][-287.74988, -847.23615, 1707.7246][-440.87567, -1298.7162, 1786.1298][-261.26654, -1306.2562, 1808.3682]
242[-407.96573, 255.86551, 1608.5372][-415.81708, -3.725891, 1636.7189][-566.8057, -8.896942, 1636.2684][-264.82843, 1.4451599, 1637.1693][-712.82684, -195.29572, 1610.6007][-114.97826, -160.41592, 1669.5945][-608.4985, -14.847092, 1629.269][90.30066, -159.20016, 1502.4794][-409.44983, -188.31924, 1621.5499][-494.44162, -376.04144, 1606.1085][-311.72354, -369.78375, 1606.6534][-499.28842, -865.44653, 1614.2267][-289.49036, -849.8507, 1699.6492][-447.40683, -1302.5543, 1780.8854][-259.85532, -1306.0603, 1811.5621]
243[-411.0465, 256.0131, 1599.809][-416.49786, -4.6788025, 1632.6053][-569.25494, -9.366577, 1627.3601][-263.74084, 0.008972168, 1637.8506][-714.3182, -201.39209, 1608.0222][-116.66112, -164.80997, 1671.7555][-556.65967, -174.47255, 1598.1151][105.01805, -217.56306, 1533.6554][-410.1697, -190.35463, 1614.2535][-496.73782, -378.88123, 1592.7119][-310.94528, -373.1797, 1599.0916][-507.24036, -867.682, 1616.5923][-291.84323, -854.0519, 1688.5557][-454.9346, -1304.3422, 1784.2883][-266.7169, -1308.1624, 1809.7262]
244[-412.36142, 256.10245, 1593.6008][-417.83673, -8.147736, 1623.9855][-570.12396, -12.998154, 1615.953][-265.54953, -3.2973175, 1632.018][-712.76434, -200.916, 1603.6443][-119.71655, -170.45651, 1675.6908][-609.06946, -53.047684, 1587.8036][104.93271, -271.31305, 1570.3628][-410.97107, -192.0881, 1604.893][-497.37064, -378.99902, 1580.8811][-310.84018, -373.05792, 1590.7197][-505.3681, -866.3528, 1625.9281][-290.30444, -853.9851, 1679.5686][-453.07013, -1304.7146, 1789.127][-271.14877, -1306.9293, 1806.0781]
245[-413.97983, 256.80798, 1579.5083][-417.76886, -10.314621, 1615.9303][-569.8479, -15.239761, 1607.4832][-265.6898, -5.3894806, 1624.3774][-711.0305, -201.76913, 1604.1608][-123.6622, -174.7546, 1675.4624][-695.40344, -173.15666, 1575.5592][89.26265, -318.99384, 1599.2701][-410.95026, -192.73802, 1599.5342][-497.42432, -378.18274, 1577.9562][-310.839, -372.1401, 1588.32][-503.8546, -866.04834, 1617.3597][-275.2998, -855.22217, 1658.8572][-449.42288, -1301.4532, 1787.6233][-273.77997, -1303.5432, 1802.1608]
246[-414.6407, 257.18735, 1571.2839][-415.6188, -10.314697, 1610.0292][-567.1412, -14.319809, 1595.9453][-264.09644, -6.3095856, 1624.113][-707.9889, -204.88666, 1604.2871][-133.38426, -186.255, 1678.2465][-746.2959, -257.10373, 1543.0494][71.3759, -355.77548, 1627.4275][-409.67868, -191.8941, 1597.759][-497.16998, -375.9431, 1576.8046][-310.30713, -371.0039, 1594.1732][-497.8413, -864.7672, 1621.1548][-269.70123, -857.8756, 1641.3263][-447.93628, -1302.8105, 1789.5835][-273.86783, -1305.1035, 1792.0265]
247[-413.40466, 258.05707, 1566.2571][-415.70792, -10.366226, 1603.1849][-566.9091, -14.944717, 1590.3445][-264.50668, -5.787735, 1616.0254][-702.1089, -210.74327, 1607.5813][-144.61353, -188.40642, 1683.6229][-744.6562, -266.9526, 1551.5114][47.451767, -384.008, 1656.1163][-409.40247, -191.28891, 1593.4475][-496.8315, -375.04993, 1575.7499][-309.36252, -369.37323, 1591.6703][-480.36484, -865.0749, 1552.9312][-265.07095, -855.66077, 1641.46][-440.2542, -1283.6848, 1767.1683][-270.49222, -1303.8818, 1789.139]
248[-411.58832, 258.56848, 1563.2638][-415.36078, -7.922531, 1595.3132][-566.5644, -12.992233, 1585.528][-264.15717, -2.852829, 1605.0985][-693.02216, -213.84642, 1610.1798][-151.4054, -189.27238, 1686.2898][-742.7286, -279.33252, 1555.2621][33.711212, -411.1507, 1680.8588][-408.83807, -189.38853, 1588.5408][-495.94016, -373.99368, 1575.7094][-308.69058, -367.7154, 1587.8273][-481.9635, -864.6183, 1572.7881][-249.9859, -852.78723, 1634.4685][-441.59644, -1292.6133, 1767.5481][-266.64648, -1301.5858, 1779.5304]
249[-407.7095, 259.24286, 1557.1537][-414.79163, -7.2437897, 1592.1293][-565.8599, -12.9023285, 1582.3041][-263.72333, -1.5852509, 1601.9545][-691.5502, -215.6317, 1609.7609][-152.83823, -190.72568, 1684.093][-740.24457, -293.3958, 1561.057][21.571976, -425.77554, 1702.85][-407.5666, -189.41277, 1585.9557][-494.40994, -375.10526, 1573.6641][-306.27316, -368.05823, 1585.9001][-477.51697, -865.6389, 1576.4348][-244.21097, -852.40735, 1635.6046][-439.80765, -1295.1764, 1768.3103][-265.3667, -1302.6981, 1775.3591]
250[-405.4631, 258.55756, 1555.7024][-413.45685, -7.1000824, 1590.0433][-564.56226, -12.851761, 1580.812][-262.3514, -1.3484039, 1599.2747][-689.4287, -216.26785, 1609.7314][-154.03244, -192.58347, 1681.6466][-745.1889, -307.55707, 1563.1526][15.572006, -431.00848, 1708.5312][-406.21878, -189.21683, 1585.0356][-493.52924, -374.93246, 1574.2518][-304.4322, -367.73468, 1585.8041][-478.74506, -866.838, 1586.1915][-228.29622, -851.3484, 1637.3145][-439.64337, -1302.7654, 1766.4365][-263.5662, -1302.9635, 1774.6086]
251[-401.51886, 257.97882, 1553.7203][-411.30164, -6.7216034, 1587.7308][-562.51605, -13.418396, 1579.8097][-260.0872, -0.024810791, 1595.652][-680.15594, -216.99727, 1610.4967][-156.73901, -194.11143, 1679.2219][-740.88654, -317.87808, 1563.8248][19.403015, -435.09216, 1714.5779][-403.04858, -188.31812, 1583.7089][-491.76895, -374.20926, 1574.607][-297.8221, -365.62, 1584.7667][-511.1853, -866.354, 1609.6514][-235.2579, -852.1856, 1640.9019][-450.5777, -1309.7732, 1768.1559][-269.36993, -1306.9917, 1772.8312]
252[-397.98315, 257.7577, 1554.0729][-408.08127, -6.0976715, 1586.4796][-559.0464, -13.247864, 1578.8767][-257.1161, 1.0525208, 1594.0825][-670.87933, -216.01242, 1611.1857][-156.76442, -194.46083, 1677.0948][-747.5022, -327.37466, 1561.38][25.192322, -429.2833, 1710.0023][-399.32587, -187.00287, 1582.7643][-486.90585, -372.47083, 1574.1974][-294.23508, -363.34534, 1583.9005][-456.8116, -860.90015, 1650.7401][-236.60289, -852.00836, 1640.5974][-433.39166, -1317.4915, 1784.1382][-266.32782, -1309.9778, 1767.8751]
253[-392.3743, 257.42514, 1554.2959][-403.77838, -6.013153, 1585.2866][-554.57654, -12.686508, 1577.8514][-252.9803, 0.660202, 1592.7218][-655.5238, -213.14374, 1613.7296][-156.44888, -195.66269, 1675.3666][-746.6104, -325.90363, 1559.7522][36.505844, -418.98987, 1700.9785][-395.67233, -186.11517, 1582.5311][-483.72415, -370.47253, 1575.0345][-291.40842, -361.96185, 1584.5167][-442.85056, -863.90717, 1616.0571][-227.23506, -851.46924, 1640.1543][-429.12912, -1313.0785, 1778.1256][-260.10266, -1310.3391, 1768.8693]
254[-385.4311, 255.83336, 1554.3202][-394.39813, -7.3852386, 1585.9653][-545.4739, -12.644089, 1578.9443][-243.32234, -2.1263885, 1592.9863][-647.92816, -212.68181, 1615.8046][-154.418, -195.75876, 1673.868][-748.55817, -319.0291, 1554.0876][57.388657, -402.71204, 1682.6738][-388.06088, -186.31169, 1583.6222][-475.93784, -368.5177, 1576.9006][-287.50943, -361.95862, 1585.6575][-447.33096, -865.393, 1602.6171][-198.67781, -849.5554, 1637.8407][-427.7359, -1314.1353, 1769.5714][-249.51799, -1307.7421, 1768.6364]
255[-371.24112, 254.84169, 1557.1975][-383.54648, -8.967606, 1589.2775][-534.889, -12.953354, 1581.8636][-232.20403, -4.9818573, 1596.6913][-643.6884, -213.52919, 1617.543][-146.04178, -198.24974, 1676.7843][-744.1274, -309.75632, 1542.662][78.7276, -386.85486, 1667.3308][-378.70416, -186.8687, 1586.0707][-468.54147, -367.26328, 1578.2258][-279.18222, -362.2763, 1587.502][-444.58875, -866.3126, 1594.6427][-187.53033, -850.77466, 1641.0077][-429.3576, -1315.021, 1766.3094][-243.27394, -1310.8423, 1768.5662]
256[-353.13467, 256.12784, 1565.4781][-372.5736, -10.808533, 1593.0992][-522.50433, -16.456558, 1584.0176][-222.64294, -5.160507, 1602.1809][-640.35944, -216.42743, 1615.2728][-124.94371, -196.54045, 1689.542][-732.2374, -290.1518, 1536.2245][114.32794, -367.12195, 1649.1458][-365.69284, -189.03517, 1590.3461][-460.64682, -371.09802, 1581.4246][-256.97733, -363.4256, 1593.7612][-438.925, -871.94836, 1596.3759][-187.64749, -858.31824, 1636.4355][-429.64017, -1321.5061, 1770.6761][-248.98552, -1321.5618, 1755.6497]
257[-341.12994, 256.16898, 1569.6295][-359.94528, -13.601959, 1596.6815][-511.35504, -22.95726, 1592.0115][-208.53552, -4.2466583, 1601.3516][-638.2667, -221.97014, 1618.1307][-89.904366, -200.90532, 1687.1257][-722.6023, -280.51065, 1528.5809][148.693, -339.51678, 1619.2303][-348.9804, -192.4735, 1599.5114][-437.2692, -377.47772, 1599.2799][-238.76186, -365.21234, 1605.4025][-442.97375, -880.1175, 1577.4432][-186.71742, -864.97046, 1631.6566][-438.67654, -1331.3389, 1751.9077][-255.3552, -1330.5232, 1743.9357]
258[-324.13626, 253.96902, 1578.6924][-344.19623, -15.966461, 1603.1802][-498.9951, -24.106247, 1598.9502][-189.39738, -7.8266754, 1607.4102][-635.08655, -219.40213, 1621.288][-79.76231, -197.64027, 1690.1952][-715.0644, -264.19867, 1520.2593][171.0918, -305.06778, 1595.0978][-334.80692, -195.73575, 1605.505][-423.0077, -380.6366, 1605.1632][-227.82751, -370.37347, 1610.4965][-445.90546, -884.76575, 1615.6266][-172.63542, -871.8565, 1626.2639][-438.7374, -1344.9185, 1769.7906][-252.49928, -1337.5781, 1737.0951]
259[-313.44995, 251.80272, 1583.1637][-329.74142, -15.886581, 1611.1525][-482.45004, -20.841476, 1610.067][-177.03282, -10.931686, 1612.2379][-613.1792, -206.83936, 1642.9097][-64.19913, -200.98184, 1694.5532][-703.9514, -241.11604, 1507.1976][190.88596, -271.1941, 1569.9532][-323.86475, -196.60101, 1609.3177][-414.29135, -380.4402, 1606.7985][-221.68477, -374.19073, 1608.1676][-451.46536, -885.0757, 1622.7583][-156.04564, -875.979, 1622.0835][-435.50662, -1345.9924, 1778.5112][-240.10645, -1342.7555, 1731.6798]
260[-300.72437, 250.60023, 1590.1077][-313.88593, -13.122421, 1617.3444][-464.79535, -15.669662, 1618.8674][-162.9765, -10.57518, 1615.8213][-586.63495, -204.54305, 1642.502][-42.13282, -201.54099, 1695.8268][-696.55457, -221.23337, 1488.7946][208.26251, -235.68547, 1548.6475][-310.8586, -196.35002, 1610.8579][-402.64163, -381.17795, 1605.3284][-213.02095, -377.9773, 1603.4146][-455.3648, -885.3672, 1634.9037][-152.40564, -877.318, 1673.0275][-433.11664, -1349.2045, 1785.7919][-234.81857, -1352.2815, 1750.6488]
261[-281.7589, 251.58803, 1600.2281][-303.84454, -11.190353, 1620.9889][-453.62347, -15.828781, 1628.8298][-154.0656, -6.5519257, 1613.148][-574.1199, -205.77353, 1656.3728][-30.399246, -189.57472, 1686.5392][-682.45404, -198.03615, 1471.4994][217.30049, -191.84021, 1519.1276][-298.53067, -190.66756, 1616.322][-382.1321, -372.89832, 1616.3098][-204.3015, -367.39117, 1607.0005][-460.66794, -876.13184, 1625.3657][-151.18857, -871.3804, 1658.6509][-431.86575, -1341.0215, 1776.907][-227.1509, -1346.2876, 1751.4379]
262[-262.03232, 249.5816, 1614.0962][-276.52664, -10.672913, 1639.129][-430.89203, -10.556854, 1647.2843][-122.16126, -10.788971, 1630.9738][-564.8264, -201.33363, 1667.8424][-18.198517, -183.5713, 1688.1729][-675.49963, -174.02875, 1447.4568][227.19571, -148.08847, 1499.7262][-277.28925, -188.46223, 1627.2239][-369.1282, -366.1831, 1620.1304][-186.97548, -366.32, 1610.5071][-305.70972, -871.65234, 1659.9032][-167.34663, -876.20636, 1583.4224][-384.25806, -1342.2625, 1777.2091][-223.43459, -1345.8369, 1716.4849]
263[-245.64948, 248.68822, 1629.9093][-265.5665, -10.061295, 1643.8497][-422.9518, -10.562302, 1650.5468][-108.1812, -9.560287, 1637.1527][-559.5326, -200.52815, 1669.6057][5.5764923, -179.73792, 1689.8646][-665.2723, -133.34842, 1422.62][225.78001, -104.9727, 1480.6][-265.50952, -189.08551, 1631.7952][-355.65414, -368.39685, 1623.5789][-175.25095, -367.82257, 1615.9023][-348.4524, -878.6047, 1672.1273][-174.27509, -879.7091, 1589.5935][-388.44055, -1359.8668, 1770.5547][-225.09964, -1353.3767, 1715.911]
264[-229.8404, 248.31241, 1643.1708][-254.6038, -12.090576, 1648.697][-410.30624, -13.553879, 1656.6141][-98.90136, -10.627274, 1640.7799][-553.27734, -199.3547, 1674.6327][29.872002, -172.55185, 1689.9253][-653.57117, -91.85512, 1412.3777][215.4444, -71.18518, 1469.0524][-253.46004, -193.21544, 1637.7134][-342.93027, -375.1919, 1631.3373][-161.70227, -373.4887, 1622.1222][-353.9075, -888.50385, 1658.4917][-180.43404, -886.7883, 1599.3271][-386.60944, -1372.0908, 1755.8461][-217.35101, -1365.9404, 1715.3186]
265[-210.40613, 243.4219, 1649.4451][-237.47467, -15.672058, 1655.7731][-391.4202, -14.853302, 1662.6046][-83.529144, -16.490814, 1648.9415][-535.49976, -192.40874, 1678.8259][42.787125, -176.12268, 1692.0448][-623.9633, -53.95146, 1403.9766][202.95045, -46.44673, 1458.6748][-238.96283, -196.49344, 1643.9084][-332.7916, -376.82373, 1636.1415][-148.11038, -377.8059, 1627.9462][-285.4831, -890.1748, 1650.7706][-186.3437, -891.5865, 1604.5133][-343.80493, -1371.7292, 1753.8177][-213.35463, -1372.7224, 1721.5317]
266[-191.51035, 239.31384, 1655.9554][-219.88405, -15.418961, 1665.5352][-372.13675, -15.365952, 1675.3733][-67.63133, -15.47197, 1655.697][-514.27106, -189.80331, 1685.5372][56.69162, -179.81229, 1692.2151][-575.2595, -31.734528, 1424.7755][181.93735, -23.916748, 1460.5682][-220.7818, -197.13908, 1652.6204][-315.5746, -378.82654, 1645.7728][-127.78452, -378.8919, 1633.6383][-279.66028, -894.90735, 1640.5779][-193.51929, -891.6037, 1612.1514][-337.47653, -1377.4794, 1746.6188][-215.5048, -1373.8289, 1732.3126]
267[-176.2686, 237.98038, 1665.8021][-201.43024, -15.014984, 1677.3971][-349.7934, -14.175751, 1688.5327][-53.067062, -15.854218, 1666.2615][-503.1046, -184.39201, 1686.4584][76.42169, -180.234, 1695.6537][-534.1336, -12.182373, 1436.8844][164.59119, -12.778275, 1464.2433][-203.75854, -197.43954, 1660.1244][-304.2161, -379.30902, 1650.2169][-107.95762, -380.4192, 1635.4865][-296.5687, -615.52893, 1654.6815][-57.83545, -886.3417, 1739.3134][-334.6287, -991.5526, 1737.4961][-182.04132, -1368.7084, 1768.1559]
268[-166.99323, 235.63821, 1670.589][-185.67262, -11.105133, 1687.9508][-327.72958, -8.664017, 1701.4557][-43.61568, -13.546249, 1674.4459][-478.841, -178.23793, 1704.5632][88.4382, -180.55215, 1701.6979][-485.46436, -0.9606476, 1453.0779][149.86456, 2.1168213, 1467.3293][-190.77115, -195.69258, 1667.6852][-292.5551, -378.6186, 1656.6111][-99.184235, -381.94147, 1638.228][-277.12628, -892.78046, 1736.3137][-29.39753, -891.3707, 1719.2501][-325.46564, -1386.7324, 1801.0137][-152.5891, -1373.8267, 1769.9587]
269[-160.37502, 233.36981, 1673.7443][-173.73552, -11.477783, 1694.5149][-316.80347, -12.875351, 1706.7163][-30.66755, -10.080215, 1682.3135][-466.77582, -182.3313, 1708.4406][107.052376, -179.25743, 1706.3656][-446.13474, -2.2270355, 1467.2047][132.89154, 14.412125, 1478.7999][-173.19647, -193.35268, 1680.0029][-265.77097, -376.13715, 1673.4321][-79.543915, -374.318, 1657.5498][-252.12979, -895.4343, 1726.7307][-20.690956, -892.5173, 1684.0498][-320.45123, -1388.491, 1792.6895][-137.62698, -1377.5101, 1740.8918]
270[-147.47081, 230.08899, 1680.0183][-159.0449, -10.589508, 1703.2433][-307.16382, -11.809128, 1715.4315][-10.926013, -9.369888, 1691.055][-451.44214, -185.22601, 1711.4165][122.83859, -178.95366, 1702.7052][-402.03455, 3.112793, 1476.3733][116.517494, 24.938751, 1489.0991][-158.7326, -193.0966, 1688.7755][-249.7271, -376.35553, 1681.8212][-67.11352, -374.85187, 1666.7943][-242.82973, -899.1002, 1716.6932][-22.25766, -896.8799, 1667.3872][-316.17188, -1390.1028, 1802.4359][-131.13553, -1384.8405, 1729.4713]
271[-134.93515, 229.63715, 1686.2087][-148.60242, -10.898972, 1709.5131][-295.26898, -12.427017, 1727.6814][-1.9358591, -9.370926, 1691.3447][-433.04156, -189.8155, 1709.2218][133.79353, -176.86562, 1703.5703][-371.90344, -0.036087036, 1485.3794][103.85596, 23.55336, 1504.7041][-148.31534, -191.58969, 1696.6333][-235.47897, -373.19153, 1694.5864][-60.577538, -371.36932, 1672.9207][-244.48004, -897.70355, 1728.2208][-33.811073, -896.23816, 1661.9032][-308.92828, -1392.335, 1809.856][-138.4479, -1385.8962, 1730.9266]
272[-121.46219, 230.25468, 1694.2302][-143.33673, -10.935318, 1713.064][-289.8139, -11.301254, 1729.3093][3.1404243, -10.569382, 1696.8186][-424.7826, -194.6322, 1705.9415][142.5887, -177.9588, 1707.9331][-346.0436, 2.2676392, 1490.6201][98.02505, 27.46524, 1526.2666][-143.9178, -190.74881, 1703.774][-233.54521, -370.78476, 1704.36][-55.45252, -370.33984, 1684.6083][-225.52396, -893.56177, 1775.7856][-37.875687, -895.71423, 1638.407][-287.55457, -1394.1741, 1830.495][-138.29753, -1388.684, 1704.3601]
273[-110.67733, 229.5717, 1702.2128][-137.8851, -9.870514, 1718.2504][-282.12097, -9.691772, 1738.3926][6.350786, -10.049255, 1698.1082][-414.85742, -197.2828, 1720.3704][151.5113, -177.27159, 1705.8228][-330.45084, -2.8428192, 1504.2269][96.419785, 31.032822, 1533.6025][-139.66025, -190.00998, 1707.1371][-228.3117, -370.04178, 1708.1559][-54.559074, -370.2571, 1683.8917][-233.86394, -896.0453, 1750.0048][29.117722, -889.8683, 1645.6262][-278.2541, -1397.0807, 1816.6884][-99.53879, -1378.4102, 1692.8279]
274[-104.0276, 230.209, 1707.2931][-129.09402, -7.0854645, 1727.0427][-271.27698, -5.4346313, 1750.8385][13.088917, -8.736298, 1703.247][-403.92328, -187.06387, 1732.9845][157.48065, -176.87257, 1704.9188][-321.7286, 0.4511261, 1511.4503][97.00841, 34.378937, 1542.6198][-133.25345, -187.76343, 1714.724][-223.0155, -367.4475, 1716.7317][-51.810246, -369.4353, 1688.0789][-210.7732, -893.9494, 1683.4492][45.8454, -886.7668, 1652.115][-265.5172, -1385.3263, 1797.491][-86.134995, -1374.8116, 1695.0922]
275[-96.219025, 229.19879, 1713.2246][-125.55869, -5.5554504, 1731.0446][-268.36307, -3.3261871, 1755.0863][17.245691, -7.7847137, 1707.0028][-395.67093, -184.3686, 1741.5511][164.06097, -177.45125, 1704.6626][-321.07126, 3.0052338, 1520.0145][101.97193, 37.056747, 1545.7003][-130.3182, -186.34077, 1719.5369][-221.43542, -365.778, 1722.5679][-48.72002, -368.47418, 1693.4905][-193.51155, -892.2294, 1745.6129][46.988613, -887.2479, 1706.7367][-259.33145, -1388.5225, 1828.1628][-76.720184, -1379.1813, 1719.0372]
276[-89.57976, 228.6305, 1719.6489][-121.239, -5.331421, 1736.2369][-263.26718, -2.7992554, 1761.5157][20.7892, -7.8635864, 1710.9581][-392.39676, -181.32158, 1745.4778][167.85417, -177.84496, 1703.6372][-331.40973, 5.2104797, 1529.7478][121.563, 37.14836, 1548.533][-126.64222, -186.04575, 1723.9811][-218.64821, -365.21606, 1727.1392][-45.44268, -368.30408, 1696.3113][-204.2464, -677.0163, 1753.5255][-77.30476, -889.2917, 1773.8907][-249.95467, -1016.5274, 1807.9833][-132.80133, -1393.029, 1748.9427]
277[-84.90488, 228.55954, 1724.0724][-114.023186, -5.6582947, 1748.6116][-257.58688, -1.4873047, 1770.2336][29.540535, -9.829285, 1726.9895][-388.2163, -177.49243, 1750.7489][173.53119, -180.09422, 1704.6768][-340.56564, 16.055283, 1528.0863][128.78806, 31.361496, 1545.4644][-121.79893, -187.0132, 1731.967][-217.98744, -365.79944, 1728.6383][-41.16189, -370.93677, 1702.0067][-205.1265, -681.9606, 1753.7886][-33.81389, -895.84985, 1772.8696][-234.939, -1009.36084, 1814.5569][-110.83822, -1399.2598, 1763.6549]
278[-81.32445, 228.45929, 1727.2072][-108.71892, -7.001236, 1755.0607][-252.9552, -2.1230774, 1776.9991][35.51736, -11.879395, 1733.1222][-384.13995, -173.39691, 1769.1362][176.05388, -181.99323, 1704.1173][-363.0535, 3.6458435, 1540.7524][153.50705, 26.575745, 1537.8835][-117.63885, -189.466, 1736.988][-215.4339, -368.92496, 1732.4335][-37.683636, -374.93658, 1705.3973][-208.43257, -898.1719, 1761.2611][-17.59151, -902.67773, 1750.8724][-232.84648, -1396.103, 1867.3397][-102.836044, -1404.8094, 1770.394]
279[-78.57254, 228.31075, 1728.9773][-105.89427, -7.941101, 1757.5958][-250.04163, -4.5818176, 1784.201][38.253082, -11.3003845, 1730.9906][-382.5812, -170.90892, 1791.2788][179.62924, -180.78215, 1708.6483][-396.24097, -8.48381, 1545.6099][181.15895, 11.458603, 1531.3275][-112.9768, -192.30707, 1742.5013][-208.33638, -374.61578, 1743.7002][-31.782265, -378.7303, 1711.1135][-210.49513, -649.1185, 1754.763][9.89341, -905.76886, 1753.7094][-222.71541, -1006.8791, 1824.7156][-76.384155, -1405.9615, 1803.3126]
280[-73.825836, 227.21033, 1732.5492][-99.96657, -11.733017, 1764.7937][-246.12674, -7.915451, 1788.5409][46.193604, -15.550583, 1741.0465][-385.76965, -167.47548, 1793.6433][185.39734, -183.99245, 1722.7251][-388.30463, -37.04666, 1586.5526][209.5768, -10.020737, 1530.8961][-107.00212, -193.30888, 1750.6807][-206.16872, -372.4784, 1751.5365][-21.906633, -377.29114, 1721.5988][-209.34367, -896.0078, 1839.2319][-32.489952, -907.23517, 1692.7725][-221.17325, -1404.3599, 1883.539][-91.259285, -1407.5426, 1775.0123]
281[-70.12558, 226.64128, 1735.4136][-95.57165, -14.682938, 1770.7338][-241.51147, -10.466537, 1799.4774][50.368187, -18.899338, 1741.9901][-385.6073, -170.65901, 1790.7235][192.48785, -188.54866, 1739.393][-471.29147, -43.411285, 1556.31][248.08008, -41.209534, 1525.8618][-103.68261, -195.15155, 1756.0249][-201.03857, -373.04175, 1758.8933][-22.548569, -378.19858, 1723.7388][-218.97368, -899.995, 1822.3755][-29.492317, -646.69604, 1695.0306][-216.0723, -1408.394, 1870.0824][-71.64696, -1038.7126, 1785.2642]
282[-66.27491, 225.96756, 1738.358][-93.46253, -16.974823, 1774.4962][-239.87927, -13.382446, 1803.8668][52.954216, -20.5672, 1745.1256][-388.339, -172.38301, 1799.7832][189.74008, -194.89653, 1755.2573][-513.20935, -85.497986, 1573.9346][282.0011, -90.08354, 1537.5518][-100.864624, -196.45338, 1759.5481][-196.43799, -373.76862, 1762.2867][-20.095459, -378.09528, 1726.9132][-214.6139, -644.8913, 1788.8033][-40.8552, -905.82214, 1668.6669][-212.96701, -1018.1921, 1825.7672][-85.81333, -1400.7653, 1787.1161]
283[-63.40368, 224.88535, 1740.1616][-89.61444, -22.152512, 1782.8633][-237.03354, -18.29132, 1807.7096][57.804653, -26.013702, 1758.017][-396.634, -183.5532, 1817.0085][189.75453, -200.18425, 1765.972][-547.8597, -128.75026, 1589.0717][317.30374, -132.85068, 1540.7775][-97.03468, -198.52003, 1766.2451][-192.99214, -372.5686, 1764.5492][-15.917707, -377.2065, 1734.7047][-235.04594, -900.60455, 1808.6132][-36.888016, -905.40295, 1679.0187][-230.71233, -1408.2598, 1867.6409][-75.935135, -1401.675, 1794.8038]
284[-60.592484, 223.6082, 1743.4495][-86.06101, -25.98439, 1790.3674][-234.44316, -21.70288, 1810.5884][62.32113, -30.2659, 1770.1465][-396.11273, -191.04892, 1828.2783][190.52158, -210.53749, 1789.6023][-576.20575, -179.42386, 1608.605][337.48477, -191.584, 1561.2837][-93.229, -197.30566, 1774.0433][-190.13351, -366.03763, 1769.9482][-10.660447, -371.21625, 1745.4902][-231.4734, -895.3672, 1797.1217][-19.242191, -902.3743, 1724.6437][-225.23055, -1399.813, 1879.6409][-63.462757, -1404.3468, 1810.5634]
285[-57.505547, 222.1839, 1746.4797][-84.72786, -29.684677, 1794.2911][-234.02269, -25.272339, 1814.3069][64.56697, -34.097015, 1774.2754][-386.7337, -206.55476, 1858.25][190.51953, -216.21071, 1789.1602][-592.8736, -239.33305, 1639.8727][356.8822, -246.86066, 1578.4385][-92.13906, -200.48701, 1776.6641][-189.05469, -368.6441, 1771.0367][-10.045849, -373.93463, 1747.0372][-230.49449, -898.72437, 1780.9174][2.3673668, -905.57916, 1747.019][-216.15692, -1398.7815, 1886.7559][-50.07943, -1408.5242, 1822.9152]
286[-56.953873, 222.34627, 1748.9137][-83.78932, -33.03366, 1796.5465][-233.92255, -29.222015, 1817.766][66.3439, -36.845306, 1775.327][-382.8817, -214.80174, 1873.539][190.9505, -224.2406, 1789.046][-604.09204, -302.72266, 1673.5535][363.72952, -308.07953, 1608.8864][-90.49516, -203.54121, 1779.729][-185.88043, -371.79733, 1775.4452][-8.521584, -376.3002, 1750.3778][-235.53775, -901.4474, 1775.8921][13.995241, -907.6791, 1761.5492][-212.87744, -1399.5691, 1889.9375][-39.76271, -1410.8068, 1836.5005]
287[-54.674538, 221.18732, 1753.4315][-83.71736, -35.240967, 1797.9019][-234.45119, -32.594315, 1818.2129][67.016464, -37.88762, 1777.5908][-380.49753, -221.14821, 1876.6927][190.24557, -229.84589, 1795.4323][-602.7609, -358.74283, 1721.4972][373.79575, -360.9956, 1638.2507][-88.705536, -206.03958, 1783.1392][-183.21242, -375.2664, 1780.439][-4.174999, -378.41, 1756.314][-206.79366, -905.4227, 1819.842][24.78231, -909.75195, 1752.8962][-194.64574, -1409.9342, 1904.2888][-34.69022, -1412.3405, 1828.2522]
288[-54.657738, 221.02867, 1753.636][-82.64041, -36.079636, 1799.1013][-233.76967, -33.406876, 1820.304][68.488846, -38.752396, 1777.8987][-377.86237, -224.03731, 1877.215][188.14258, -234.17274, 1800.5498][-590.1676, -398.5514, 1766.8541][365.15662, -416.48547, 1684.3541][-87.781586, -208.26799, 1784.1613][-183.23874, -378.85907, 1781.892][-2.6067915, -382.0536, 1756.5504][-199.38847, -910.7367, 1793.4559][24.333065, -913.61865, 1757.6189][-181.20197, -1408.1947, 1912.2866][-31.058342, -1416.987, 1831.5642]
289[-54.17151, 220.64685, 1754.095][-82.41006, -35.57553, 1799.1747][-232.94307, -33.0878, 1822.964][68.12295, -38.063263, 1775.3854][-374.64417, -225.68396, 1880.3007][179.6355, -237.45634, 1814.0923][-570.49493, -447.28857, 1813.6918][350.25702, -447.93872, 1725.3005][-87.307655, -209.90137, 1786.4136][-182.60535, -382.73322, 1787.9387][-1.805161, -385.7212, 1759.3662][-200.26292, -711.496, 1782.5236][21.69702, -917.5632, 1752.1056][-174.14217, -1012.9603, 1861.1157][-31.007166, -1420.287, 1833.1401]
290[-54.15764, 220.2603, 1754.871][-82.6894, -36.466537, 1800.2158][-233.90733, -33.816315, 1823.4774][68.52854, -39.11676, 1776.9542][-372.23138, -228.41736, 1882.8217][167.3616, -238.80168, 1833.101][-553.17224, -474.00128, 1851.0233][333.1273, -469.59427, 1762.6749][-87.69448, -210.10486, 1787.4617][-182.8036, -382.16403, 1788.568][-2.59553, -385.32233, 1760.847][-207.729, -913.37866, 1760.6143][13.052956, -917.44836, 1747.113][-159.83205, -1400.2625, 1911.7646][-31.048817, -1419.7831, 1836.0581]
291[-52.46935, 219.19432, 1758.2572][-82.98738, -37.355698, 1801.1406][-234.6128, -34.74637, 1825.7295][68.63803, -39.965027, 1776.5518][-363.03043, -236.5623, 1892.7812][160.67995, -241.03665, 1850.3483][-527.436, -490.9534, 1883.4154][318.99512, -488.50598, 1794.4427][-87.87802, -211.13606, 1789.4241][-183.41331, -383.3565, 1792.4072][-2.1240025, -386.47632, 1763.0078][-208.63547, -913.7096, 1750.8639][37.780647, -915.8372, 1805.6813][-151.80524, -1397.4579, 1908.9644][-26.943512, -1421.7041, 1852.0206]
292[-51.443695, 218.4503, 1760.5908][-82.25257, -38.723404, 1803.4363][-234.74829, -35.65837, 1827.0681][70.24316, -41.788437, 1779.8044][-352.79614, -241.48366, 1898.1362][158.30765, -245.85182, 1862.5557][-506.4867, -511.8413, 1912.1896][302.9582, -500.64914, 1814.1902][-87.76066, -211.90071, 1790.3535][-184.62488, -383.24182, 1791.428][-1.9126186, -386.91418, 1763.1135][-208.46515, -913.7559, 1749.2904][36.255966, -915.218, 1819.9233][-145.62094, -1394.7004, 1913.978][-30.882599, -1421.7385, 1856.0956]
293[-51.046318, 217.3309, 1764.7285][-80.82273, -41.229156, 1805.489][-234.21567, -37.397705, 1829.2799][72.57021, -45.060608, 1781.6981][-345.78714, -241.66576, 1901.0691][157.24014, -251.14874, 1866.6635][-489.56586, -512.64716, 1936.7424][293.00922, -512.7471, 1837.1078][-87.25642, -214.31093, 1791.8817][-186.0994, -385.0845, 1792.6069][-1.2808127, -389.7009, 1763.9419][-208.23335, -915.3568, 1746.6666][34.963516, -917.8285, 1823.5807][-139.87997, -1393.2045, 1918.0388][-27.855328, -1425.0529, 1857.5847]
294[-51.142048, 216.8154, 1764.426][-79.75934, -42.21762, 1805.9359][-234.40929, -37.842377, 1827.5765][74.89061, -46.592865, 1784.2953][-337.0748, -242.89359, 1901.3253][157.87952, -255.87076, 1874.8564][-472.92056, -519.27136, 1948.5574][292.4419, -508.4077, 1842.3473][-86.493866, -215.39601, 1792.8218][-186.77417, -385.92786, 1792.7977][0.31739378, -391.22095, 1766.6176][-211.08284, -916.9164, 1755.6282][32.812546, -919.8271, 1825.2772][-139.08722, -1395.7539, 1923.0571][-31.752335, -1427.5459, 1848.8206]
295[-51.737213, 216.86545, 1763.7228][-79.16633, -42.692596, 1806.8617][-234.06996, -37.99614, 1827.2045][75.7373, -47.389053, 1786.5189][-328.55182, -241.75441, 1904.3018][157.57794, -256.48386, 1877.3578][-465.55426, -517.3505, 1954.4994][283.4488, -508.4472, 1839.6968][-86.06091, -216.6842, 1794.5303][-188.9143, -387.76648, 1794.8007][3.0033212, -393.58514, 1769.597][-215.70012, -919.3108, 1766.4124][33.641464, -921.82697, 1833.5077][-133.03635, -1399.7275, 1924.5215][-34.496666, -1429.3813, 1852.9414]
296[-51.828217, 216.62325, 1764.4268][-78.81297, -43.31227, 1807.8268][-234.38382, -39.12961, 1825.3254][76.75787, -47.494934, 1790.3281][-327.37164, -242.6808, 1903.7891][157.64001, -256.54718, 1881.1536][-463.7373, -518.44, 1950.024][282.7571, -501.8931, 1834.056][-84.834885, -219.28856, 1796.3523][-190.20923, -392.5937, 1796.053][8.495638, -397.93604, 1773.7026][-199.94208, -925.56775, 1794.7439][31.507662, -926.8185, 1836.2454][-129.20627, -1410.8682, 1943.74][-36.51303, -1433.9076, 1867.1279]
297[-51.185493, 216.30397, 1765.6984][-78.55195, -44.354294, 1809.7256][-234.51262, -40.55246, 1825.7145][77.40873, -48.156128, 1793.7367][-327.37592, -243.88663, 1902.9414][158.17728, -258.05664, 1886.233][-467.42612, -517.2653, 1941.5099][283.75305, -498.32147, 1825.5371][-84.103836, -220.4581, 1797.4443][-190.42052, -394.1056, 1795.4934][11.109055, -399.01825, 1774.8328][-218.91896, -926.16394, 1812.9193][29.11483, -927.935, 1839.0581][-137.54375, -1413.3396, 1950.0276][-36.824234, -1435.7878, 1861.3785]
298[-51.380547, 215.65778, 1766.719][-78.69344, -44.766144, 1810.5612][-234.44151, -40.50766, 1827.9238][77.05462, -49.024628, 1793.1985][-329.51004, -244.08986, 1903.5215][157.47882, -258.23175, 1886.2054][-477.01782, -522.9231, 1932.5347][290.61624, -495.48328, 1808.0507][-84.97751, -219.48648, 1797.0442][-191.36884, -391.46967, 1794.6871][8.845697, -396.94397, 1772.3673][-211.14906, -715.7988, 1806.4098][24.803452, -923.2191, 1856.2173][-152.1527, -1042.1519, 1905.8802][-36.63332, -1432.0602, 1866.818]
299[-51.656487, 215.59195, 1767.6956][-78.829124, -44.383575, 1810.0731][-234.441, -39.74472, 1829.0426][76.78275, -49.02243, 1791.1036][-330.84995, -244.27644, 1904.623][156.78857, -256.79538, 1882.3845][-482.8031, -516.76495, 1905.7118][296.8512, -488.27887, 1776.5657][-85.74495, -218.73701, 1795.9774][-191.91809, -390.13156, 1793.9814][6.5965266, -396.04935, 1769.782][-226.96881, -921.8197, 1813.8811][24.688374, -928.26355, 1796.9395][-133.86008, -1406.9578, 1951.1353][-30.500587, -1432.6467, 1870.5513]
300[-51.949623, 216.02539, 1768.7832][-78.04359, -44.545837, 1810.317][-234.12735, -39.53392, 1829.1373][78.040184, -49.557755, 1791.4967][-332.36844, -244.72162, 1903.0253][157.49026, -257.01788, 1880.9791][-482.43973, -512.1265, 1879.3207][299.42188, -484.13687, 1747.8551][-85.34815, -218.97383, 1796.1881][-191.6674, -390.2224, 1793.9982][6.361971, -396.58124, 1770.1202][-220.56989, -922.34216, 1808.4202][13.689213, -929.5699, 1762.1104][-133.31805, -1406.6653, 1951.8508][-30.906982, -1429.1765, 1867.7446]
301[-52.45952, 216.08727, 1771.6252][-77.57876, -44.10759, 1810.6572][-233.50227, -39.0522, 1828.7021][78.34475, -49.16298, 1792.6123][-330.74786, -244.1297, 1900.9805][159.63708, -252.95435, 1870.9006][-482.26544, -499.11337, 1833.3536][273.7548, -443.23346, 1729.6106][-84.90214, -218.61314, 1796.2656][-191.27953, -389.90717, 1793.3375][6.8285007, -396.33026, 1770.4105][-214.2007, -922.40375, 1810.1824][6.7254686, -928.8715, 1742.8141][-132.6559, -1408.981, 1949.8302][-31.344555, -1423.5374, 1872.2928]
302[-52.765266, 216.30475, 1780.2793][-77.143654, -44.017517, 1811.6796][-232.88834, -39.086136, 1829.3644][78.601036, -48.9489, 1793.9948][-331.0072, -241.26863, 1892.1852][166.73312, -242.92055, 1841.2275][-482.91736, -480.748, 1787.6205][304.36273, -443.95758, 1681.2135][-84.33842, -218.58307, 1796.9946][-190.62286, -390.0111, 1793.5613][7.5565033, -396.28613, 1771.0581][-217.77951, -922.3762, 1811.6642][2.7277055, -928.54443, 1737.0652][-134.84857, -1409.4485, 1949.1371][-23.111395, -1418.6461, 1885.8887]
303[-52.666508, 215.9984, 1779.7568][-76.959755, -43.6678, 1812.4419][-232.61931, -38.95723, 1830.3223][78.69979, -48.378372, 1794.5615][-332.58417, -236.69417, 1872.9783][171.5643, -236.39563, 1827.8555][-487.622, -465.08185, 1735.4592][304.126, -416.34933, 1640.1486][-83.96275, -217.89185, 1797.3755][-189.78699, -389.12537, 1793.6605][7.8554854, -395.1064, 1770.9576][-221.0208, -921.3561, 1811.9231][2.5442514, -928.0161, 1747.3445][-136.6771, -1407.8427, 1950.9407][-18.68708, -1419.4045, 1892.9316]
304[-52.283966, 215.74051, 1783.0236][-76.50322, -43.4032, 1812.7953][-232.10173, -38.918213, 1831.002][79.09529, -47.888184, 1794.5886][-331.87122, -234.27684, 1861.8226][179.87225, -243.49365, 1803.8854][-488.36243, -430.20428, 1674.4889][303.4129, -373.94498, 1590.7427][-83.31034, -217.23093, 1797.4402][-188.47336, -388.22363, 1793.5938][8.238445, -393.89368, 1770.5764][-182.65042, -921.767, 1791.4147][105.788086, -907.0562, 1879.4591][-135.38683, -1409.0045, 1945.0167][10.62101, -1409.8809, 1916.0433]
305[-52.52191, 216.42244, 1785.1724][-76.19601, -43.044296, 1812.8434][-231.4908, -38.984665, 1830.7738][79.09878, -47.103928, 1794.913][-331.2056, -232.72855, 1849.6676][185.04654, -246.4296, 1791.7721][-483.19904, -386.60486, 1621.1046][296.6461, -321.1945, 1549.27][-82.573494, -215.79227, 1796.7198][-186.29826, -385.99542, 1791.836][8.396307, -391.08502, 1769.3566][-198.74973, -919.4773, 1798.7804][99.28476, -905.8353, 1876.9559][-139.34387, -1406.2327, 1949.9741][10.190498, -1409.6863, 1915.8906]
306[-52.34874, 216.20552, 1787.3544][-75.684, -43.1812, 1813.1117][-230.4861, -39.30696, 1831.742][79.118095, -47.055435, 1794.4814][-330.78687, -232.8686, 1843.9819][190.29303, -249.83913, 1781.6797][-472.28314, -325.6969, 1578.2755][284.58636, -259.5353, 1517.1721][-81.95367, -214.98895, 1796.7438][-184.22119, -384.39417, 1791.9291][7.7745204, -389.19925, 1768.8226][-182.10641, -918.1165, 1799.6342][94.009094, -904.9486, 1876.0125][-138.47244, -1405.9287, 1953.1366][13.180527, -1410.4773, 1912.552]
307[-52.57454, 216.56285, 1787.6962][-75.43231, -42.659958, 1813.1255][-229.34021, -38.862717, 1833.1185][78.47557, -46.4572, 1793.1324][-330.33575, -232.4323, 1839.572][195.82483, -246.88664, 1771.9408][-453.53033, -264.35962, 1536.5403][273.2945, -196.60135, 1486.6636][-81.85215, -213.7674, 1796.203][-183.42746, -382.52716, 1791.6415][6.883503, -387.22253, 1766.9196][-190.83751, -916.2635, 1799.8145][12.006418, -920.37103, 1740.0385][-135.71637, -1407.9299, 1936.6383][12.897766, -1417.041, 1869.7034]
308[-52.722588, 217.47937, 1789.4573][-75.17441, -41.79428, 1812.7163][-227.9675, -38.400635, 1837.3882][77.6187, -45.187927, 1788.0444][-330.6493, -230.80684, 1835.4265][193.36041, -229.22333, 1763.8436][-437.1306, -254.04329, 1591.5457][254.73514, -132.48471, 1474.9711][-81.85345, -209.85498, 1794.4697][-179.47067, -375.89587, 1790.9072][2.405682, -379.9355, 1761.5391][-150.38641, -618.14825, 1802.2253][68.314384, -909.3667, 1781.6107][-148.1474, -1059.5735, 1888.5553][42.310608, -1409.9048, 1892.6282]
309[-52.78254, 217.85968, 1790.8358][-75.181305, -40.65573, 1812.9016][-227.09183, -37.435226, 1839.5059][76.72922, -43.876236, 1786.2974][-335.81137, -226.07593, 1825.4036][188.75046, -201.06229, 1746.9529][-419.47964, -146.53922, 1503.0426][232.18802, -76.89548, 1483.175][-82.07509, -208.19212, 1793.8186][-179.1237, -373.81723, 1790.5245][1.1859484, -377.6398, 1758.9467][-162.43349, -907.44617, 1799.9397][72.03795, -906.8734, 1763.2863][-131.2824, -1407.4104, 1912.5514][46.194416, -1407.2493, 1875.4116]
310[-52.03187, 218.97697, 1796.2499][-74.85703, -37.615005, 1812.9088][-224.85005, -34.99681, 1842.5842][75.135994, -40.2332, 1783.2334][-340.59766, -219.09637, 1819.0168][193.13159, -187.06871, 1735.6267][-396.18854, -90.44348, 1524.9661][214.88467, -29.11383, 1501.0624][-81.57588, -204.17146, 1793.6436][-176.66418, -369.1854, 1791.8618][0.074714184, -372.27045, 1756.8948][-168.40707, -902.6942, 1814.5029][73.180824, -901.26294, 1750.984][-130.87761, -1404.4558, 1917.0793][47.52377, -1401.0015, 1866.3018]
311[-52.08316, 219.88089, 1798.4119][-74.37752, -36.05252, 1814.3507][-224.10083, -33.94438, 1843.2589][75.345795, -38.16066, 1785.4425][-347.44382, -209.6351, 1812.3444][199.14316, -175.26842, 1720.8976][-377.44888, -43.772842, 1539.2587][189.28703, 12.866837, 1522.1216][-80.39354, -203.8684, 1795.43][-175.08733, -370.43567, 1793.6311][2.2682023, -372.93286, 1759.3877][-185.56087, -904.33203, 1804.7908][119.25833, -893.85754, 1774.565][-142.49435, -1405.4731, 1908.521][69.147766, -1394.977, 1875.1893]
312[-52.516678, 220.28105, 1800.7213][-73.9837, -33.196976, 1815.837][-223.28053, -30.910202, 1844.2921][75.31311, -35.48375, 1787.382][-347.351, -205.10136, 1811.3457][192.33746, -172.75491, 1707.9885][-350.6297, -5.854416, 1567.4688][170.6885, 35.06601, 1553.015][-80.31307, -203.87096, 1796.3444][-176.06172, -373.1753, 1793.8944][2.7768579, -375.91455, 1759.809][-191.8189, -907.11475, 1801.5717][10.818602, -894.5517, 1887.6736][-143.62125, -1406.6437, 1911.1842][4.4053555, -1406.9152, 1923.8616]
313[-53.12776, 221.23354, 1802.1499][-72.55233, -24.851654, 1821.3918][-220.03796, -22.679092, 1850.5789][74.93331, -27.024216, 1792.2046][-345.0572, -194.33447, 1810.5321][184.96426, -174.90343, 1701.0687][-326.558, 30.50409, 1596.8271][150.96599, 52.26111, 1581.0056][-79.72732, -199.3959, 1798.128][-176.10017, -372.62622, 1792.5164][2.2955656, -375.2541, 1757.2122][-192.25044, -906.56024, 1799.7432][34.544075, -895.7566, 1873.1248][-139.83582, -1404.197, 1915.8352][14.1747265, -1406.2263, 1926.7227]
314[-53.354233, 221.27716, 1801.9105][-72.07305, -22.110992, 1824.7162][-219.04865, -19.868347, 1853.4823][74.902534, -24.353638, 1795.9501][-342.56763, -192.78268, 1811.326][170.36783, -172.66748, 1670.0549][-308.95218, 37.639236, 1636.6528][133.29034, 58.743164, 1607.7003][-79.80235, -198.1768, 1798.9509][-176.67537, -372.8824, 1790.6329][1.6120687, -375.60284, 1755.7384][-195.06595, -906.7879, 1792.9086][57.86034, -895.60474, 1864.5165][-137.84433, -1405.2198, 1903.1735][20.46085, -1403.5623, 1931.206]
315[-53.467144, 221.26353, 1801.5718][-71.15431, -22.193344, 1825.5226][-217.87115, -20.064789, 1856.2039][75.562546, -24.3219, 1794.8413][-340.978, -192.22517, 1814.9242][168.77873, -170.6121, 1662.7268][-293.98898, 36.05635, 1669.4806][114.02182, 61.52072, 1642.7764][-79.41444, -198.22531, 1798.2354][-176.16759, -372.97342, 1789.4537][0.81845474, -375.54114, 1752.4425][-181.88596, -625.138, 1790.3613][73.37616, -894.152, 1858.1624][-133.33597, -1014.09326, 1872.3999][28.725456, -1400.3813, 1933.0299]
316[-53.515415, 221.30844, 1802.8599][-68.90291, -17.978012, 1831.2794][-216.431, -15.31871, 1859.7537][78.62518, -20.637314, 1802.8052][-340.4198, -187.95427, 1819.1808][169.35986, -176.5046, 1666.9281][-276.2089, 39.980774, 1701.8997][102.67038, 61.553375, 1673.9896][-77.92711, -196.2168, 1801.1703][-175.77979, -372.85437, 1788.2058][1.8771639, -376.05676, 1753.9165][-178.79042, -624.63885, 1789.9567][81.86081, -897.5049, 1838.1362][-136.292, -999.90607, 1878.5685][38.23357, -1401.2858, 1928.5161]
317[-53.356323, 220.63676, 1803.1432][-70.113266, -17.556976, 1829.0876][-217.28433, -14.692276, 1854.0708][77.0578, -20.421677, 1804.1045][-342.221, -184.12825, 1817.5988][150.04262, -189.98442, 1710.5631][-258.79437, 52.88327, 1723.0806][86.19475, 57.939194, 1717.4132][-78.680145, -196.17528, 1799.103][-176.21867, -373.06174, 1784.2218][1.7246237, -376.52542, 1754.015][-180.15617, -907.1218, 1796.9845][87.90231, -899.44995, 1821.2598][-120.841064, -1403.3192, 1915.8833][43.117004, -1401.8766, 1918.3616]
318[-53.374855, 220.00713, 1803.3046][-70.13302, -19.552185, 1826.1489][-217.24371, -17.052658, 1851.0428][76.97767, -22.051712, 1801.255][-342.56287, -182.58485, 1815.3973][148.0687, -191.57672, 1729.3787][-248.9602, 52.51451, 1732.3627][82.83982, 54.584076, 1725.6246][-77.96331, -196.6335, 1797.6559][-174.08713, -372.21463, 1784.1038][2.49993, -375.215, 1754.2219][-166.57857, -906.2394, 1796.7465][101.11077, -896.3425, 1818.2573][-118.09334, -1404.7598, 1910.7355][49.702335, -1399.5151, 1907.9316]
319[-53.16917, 220.03119, 1803.6862][-68.61712, -18.942764, 1825.684][-215.72906, -15.827759, 1848.8281][78.494835, -22.05777, 1802.5398][-343.67035, -181.10576, 1813.5093][158.429, -193.44261, 1722.7704][-255.5562, 49.795593, 1713.9333][87.56995, 54.918747, 1719.298][-77.00664, -195.09694, 1796.0662][-173.99231, -369.37512, 1780.3866][3.2000046, -373.12708, 1752.5101][-174.87439, -901.24176, 1830.5428][49.110283, -597.73267, 1778.722][-129.63893, -1404.7073, 1921.8842][-1.1478958, -1019.0804, 1853.4913]
320[-53.067688, 220.22902, 1804.1267][-67.97562, -14.866745, 1821.445][-213.91495, -12.168579, 1847.609][77.9637, -17.56491, 1795.2809][-344.7268, -177.92981, 1820.0836][164.90459, -189.82423, 1712.7738][-261.44077, 49.95262, 1689.072][94.40991, 63.826294, 1706.4502][-76.255135, -191.8554, 1793.5149][-173.52513, -367.19876, 1781.5391][4.4558363, -370.48932, 1749.6306][-181.29549, -899.0209, 1831.5739][106.34511, -891.8753, 1805.9669][-138.26709, -1403.0151, 1921.0466][43.75668, -1394.497, 1891.5309]
321[-53.031853, 220.6339, 1805.2228][-67.53978, -13.521637, 1822.6755][-212.4015, -11.058075, 1850.4954][77.321945, -15.985199, 1794.8557][-341.0696, -179.94966, 1848.7153][167.50174, -190.75659, 1709.7816][-279.36197, 25.759521, 1667.7355][107.00246, 57.8714, 1666.3125][-75.838554, -190.96861, 1795.1761][-172.91832, -366.90576, 1784.7266][4.643653, -369.9254, 1750.627][-177.0815, -603.153, 1800.7922][75.16765, -895.9178, 1811.9203][-137.59174, -1038.1643, 1883.3857][29.630505, -1400.8026, 1894.894]
322[-52.35058, 221.10547, 1805.708][-67.07667, -13.689499, 1824.0747][-212.17728, -11.705856, 1850.4568][78.02393, -15.6731415, 1797.6926][-340.03436, -182.1778, 1835.6494][166.86575, -190.27298, 1711.0511][-289.36426, 6.563568, 1643.8485][118.96713, 53.849686, 1630.7642][-74.82435, -188.08566, 1794.5753][-170.93892, -361.27377, 1781.1427][5.794862, -363.68988, 1749.0092][-177.81058, -607.9555, 1802.0096][77.1811, -892.3755, 1720.8301][-141.7087, -1034.7634, 1885.0902][33.757416, -1390.0161, 1840.5598]
323[-51.480778, 221.3677, 1805.4481][-67.09957, -14.365875, 1824.4434][-212.93875, -12.40538, 1851.6869][78.7396, -16.32637, 1797.1998][-330.6787, -190.0191, 1825.3302][167.5285, -190.01112, 1709.5107][-295.98685, -7.6272583, 1612.6719][132.26134, 30.193329, 1592.8569][-74.843376, -189.26122, 1795.5752][-171.26613, -362.96448, 1783.2727][6.0917645, -365.34863, 1750.1414][-181.21098, -894.808, 1832.6904][88.67554, -893.1383, 1754.2102][-151.65523, -1395.8564, 1941.9788][41.09836, -1394.0986, 1857.3711]
324[-51.375446, 221.67734, 1805.1034][-67.136345, -15.773422, 1824.0215][-213.60846, -13.796005, 1851.6648][79.33576, -17.75084, 1796.3782][-326.2155, -197.44559, 1820.8209][167.16959, -190.98924, 1709.4446][-305.54025, -34.254288, 1579.0027][147.643, -11.274368, 1547.0514][-74.95302, -190.45004, 1795.0989][-171.69905, -363.9261, 1782.9597][6.159676, -366.3272, 1749.3928][-180.12273, -895.249, 1838.7341][87.09903, -893.8011, 1722.8241][-151.49997, -1396.794, 1946.3501][39.300785, -1392.581, 1836.3214]
325[-51.304165, 222.08588, 1804.5062][-66.6667, -16.085419, 1823.2772][-213.27194, -14.008728, 1850.6042][79.93852, -18.16211, 1795.9502][-326.47314, -200.42323, 1819.7601][169.853, -195.46046, 1723.1466][-312.61273, -79.232574, 1545.438][158.99026, -64.08562, 1511.4551][-74.546135, -190.79771, 1794.2822][-171.25954, -364.25165, 1781.8457][6.4084115, -366.76837, 1748.7288][-180.78386, -895.1992, 1841.5343][47.775784, -899.5414, 1749.3785][-146.16595, -1397.2606, 1945.222][11.003994, -1400.3546, 1858.232]
326[-50.7184, 222.35097, 1804.4009][-65.59215, -19.083588, 1817.0422][-209.95758, -16.270706, 1843.0708][78.77327, -21.89647, 1791.0137][-329.1305, -202.81604, 1821.7183][165.35867, -199.48357, 1718.6552][-326.9273, -130.95471, 1517.005][172.91353, -127.308716, 1475.3536][-73.8908, -192.63347, 1789.7697][-171.72314, -364.43884, 1778.6396][7.344248, -367.92786, 1746.3545][-175.40656, -610.1381, 1807.4059][55.47666, -900.1656, 1757.0247][-142.47528, -1034.28, 1895.4523][15.760605, -1401.3406, 1863.791]
327[-50.040413, 222.7503, 1804.6947][-65.60421, -18.474625, 1818.0596][-210.14995, -16.037918, 1847.4065][78.94152, -20.911331, 1788.7126][-328.46692, -205.80615, 1823.6462][163.92877, -197.51459, 1717.3922][-313.81488, -145.96846, 1549.1522][170.01086, -187.36992, 1452.4087][-74.24547, -193.76894, 1790.0526][-172.66243, -367.54984, 1780.2727][6.8889866, -370.57666, 1743.8186][-174.99211, -900.60925, 1820.3657][63.788177, -901.7718, 1762.7793][-129.93375, -1400.7604, 1930.0232][22.061943, -1403.3429, 1867.1417]
328[-49.460976, 222.79903, 1804.9867][-65.51292, -21.649033, 1812.821][-210.47598, -18.211868, 1840.5776][79.45016, -25.086197, 1785.0645][-327.87238, -209.31596, 1825.8044][155.95035, -219.21988, 1738.3068][-344.00366, -254.46219, 1506.0725][171.91042, -252.8168, 1451.0951][-74.40384, -195.92584, 1787.9679][-173.68283, -368.0595, 1780.4218][7.093297, -372.34583, 1745.8077][-171.87689, -629.31494, 1796.4916][49.509995, -893.0132, 1859.3718][-136.07874, -1023.43164, 1873.7332][15.2952385, -1404.3835, 1898.8568]
329[-49.038742, 222.6816, 1805.312][-66.83157, -23.843811, 1810.243][-212.73378, -20.56456, 1837.1697][79.07065, -27.123062, 1783.3164][-327.0061, -212.07521, 1826.7281][153.99405, -229.1765, 1748.2207][-357.60434, -318.74048, 1531.118][175.1051, -322.42688, 1474.0741][-75.0127, -196.89133, 1786.9879][-174.15053, -367.89453, 1780.5192][7.7628593, -371.98315, 1746.9464][-178.22827, -629.03546, 1800.3489][28.987736, -896.9426, 1846.1256][-143.5369, -1019.51575, 1877.2224][7.73365, -1408.3962, 1893.7264]
330[-48.794426, 222.89694, 1805.2109][-67.68612, -25.0318, 1809.1066][-214.26637, -21.885483, 1835.0242][78.89414, -28.178116, 1783.189][-319.75348, -216.66891, 1819.4178][154.75365, -230.9807, 1755.9042][-361.7769, -380.5979, 1558.3856][167.50735, -391.49463, 1507.4258][-75.39592, -197.09015, 1786.39][-174.7753, -367.18085, 1779.882][8.563839, -371.11615, 1747.465][-183.36525, -630.0276, 1804.2435][19.758137, -903.9552, 1791.1414][-145.27701, -1017.2772, 1880.7948][3.604351, -1409.8318, 1881.7238]
331[-48.69593, 222.26039, 1804.4327][-67.59514, -26.14862, 1808.1974][-214.44516, -22.722397, 1833.6154][79.25488, -29.574844, 1782.7794][-320.35895, -213.01251, 1820.1613][152.62875, -228.23611, 1765.9474][-364.1305, -428.1262, 1601.325][168.5437, -438.10287, 1577.884][-75.48653, -197.31966, 1785.6786][-175.85306, -366.33313, 1779.1661][9.09724, -370.64825, 1747.1534][-197.34401, -897.8523, 1834.3943][14.560987, -904.9001, 1771.0233][-143.9856, -1399.036, 1936.4414][-1.6379852, -1406.9451, 1881.1788]
332[-48.11495, 221.82289, 1804.2915][-67.81734, -27.74031, 1807.1449][-215.34209, -24.115494, 1832.3927][79.70741, -31.365128, 1781.8971][-318.95325, -213.54004, 1819.3547][141.57495, -224.0777, 1778.4877][-361.95193, -463.5944, 1642.4409][162.28648, -474.81378, 1617.7317][-75.87477, -197.98056, 1784.506][-177.50832, -365.92157, 1777.882][9.6439085, -370.52008, 1745.8522][-197.28534, -895.5093, 1849.9904][17.488277, -905.17096, 1757.716][-152.24156, -1397.3956, 1952.7229][-3.836464, -1403.0454, 1884.7561]
333[-47.384216, 221.46942, 1803.0295][-68.7424, -28.416641, 1806.6786][-216.64397, -25.075958, 1831.7567][79.159164, -31.757324, 1781.6005][-312.6471, -218.8796, 1819.9487][134.70526, -226.77176, 1783.3433][-357.275, -494.61658, 1684.6938][151.49489, -488.71378, 1650.4392][-76.51754, -199.36401, 1783.5956][-178.90916, -368.17426, 1776.5557][10.323816, -372.4485, 1744.4695][-196.005, -899.0386, 1839.969][0.82520485, -907.1804, 1754.5641][-148.92134, -1398.3271, 1954.152][-1.5163374, -1400.0114, 1901.7236]
334[-47.125053, 221.1191, 1802.1002][-69.787735, -29.101944, 1806.6543][-218.24008, -25.885696, 1830.8395][78.66461, -32.31819, 1782.4691][-304.01416, -230.66002, 1831.461][126.965706, -234.22845, 1790.4138][-350.6068, -508.77313, 1717.2363][141.74486, -506.91815, 1680.1879][-77.29901, -201.01816, 1783.411][-179.6444, -370.87976, 1775.6177][10.023821, -374.98895, 1744.7178][-199.97565, -902.266, 1833.4965][19.717228, -906.4125, 1804.9646][-148.5311, -1399.5171, 1954.5016][5.3192387, -1409.052, 1913.1019]
335[-46.399918, 220.5765, 1800.6743][-70.61967, -31.096329, 1805.4888][-220.18642, -27.699112, 1828.9496][78.94709, -34.493546, 1782.028][-300.49725, -237.7696, 1838.7816][121.04733, -244.24512, 1795.7412][-346.21265, -523.7643, 1738.7128][131.8018, -517.22845, 1705.8846][-78.10137, -203.76045, 1782.794][-180.61476, -374.26605, 1775.0056][9.448611, -378.5831, 1745.1926][-202.81342, -906.09863, 1828.8293][9.24127, -911.016, 1797.6422][-148.64204, -1402.8137, 1951.2252][5.376999, -1410.7162, 1919.8137]
336[-45.849148, 219.659, 1798.9744][-70.988205, -31.76413, 1804.918][-220.76031, -28.13504, 1827.9663][78.783905, -35.39322, 1781.8696][-298.79968, -241.99072, 1843.4426][119.4297, -249.94443, 1801.5][-340.6233, -525.87415, 1754.6104][130.1149, -519.4815, 1727.5906][-78.58653, -205.55211, 1782.9066][-180.78433, -377.04785, 1775.4531][8.414604, -381.63232, 1746.3374][-207.59015, -909.97614, 1815.666][7.3728437, -914.71155, 1792.9603][-142.60002, -1401.4507, 1953.4121][6.8757515, -1412.7094, 1922.355]
337[-45.593807, 219.08356, 1796.7623][-70.46512, -32.436295, 1804.5378][-220.75516, -27.557785, 1825.6671][79.82492, -37.314804, 1783.4086][-296.25726, -241.993, 1848.82][118.4812, -255.6185, 1811.2052][-332.06403, -519.1255, 1760.895][123.74755, -525.5634, 1743.3546][-79.00128, -208.52525, 1784.4779][-180.72232, -381.58936, 1777.5188][5.64742, -387.63904, 1751.3171][-179.8572, -911.5077, 1852.2542][6.4980245, -922.564, 1767.258][-137.25177, -1414.3568, 1952.8528][13.365306, -1419.132, 1902.0382]
338[-44.798676, 218.65053, 1793.6354][-70.07873, -32.5562, 1804.4685][-221.54564, -29.01381, 1817.0355][81.388176, -36.098587, 1791.9015][-294.87543, -240.89268, 1845.3389][139.32542, -246.52708, 1857.801][-329.37115, -515.2115, 1756.8591][124.31912, -522.7997, 1759.5682][-75.2554, -207.76753, 1791.4637][-179.54413, -380.66092, 1786.6821][18.679981, -385.2968, 1770.2358][-171.12932, -911.42334, 1855.7856][-5.3363686, -918.50037, 1729.3456][-127.433105, -1412.2622, 1966.181][4.6316376, -1413.1298, 1871.3965]
339[-44.74288, 218.67073, 1791.8987][-69.74896, -32.365173, 1804.2998][-221.4325, -27.874939, 1819.3204][81.93457, -36.855408, 1789.2792][-290.74402, -232.04205, 1858.6313][152.15158, -227.81337, 1855.1521][-324.30142, -494.18146, 1763.4858][126.7166, -505.9671, 1764.7542][-76.45181, -207.71707, 1789.0312][-179.78983, -380.2083, 1783.3322][13.480501, -385.92963, 1764.1932][-202.41287, -915.0853, 1779.8649][-1.3110542, -920.19867, 1733.2893][-137.46892, -1400.6407, 1938.0165][4.2497873, -1414.6289, 1876.473]
340[-44.920418, 218.88956, 1790.6227][-69.48296, -32.327316, 1803.9005][-220.9356, -27.580627, 1821.1631][81.96966, -37.074005, 1786.638][-290.97656, -230.83344, 1864.6593][152.31549, -229.33107, 1856.3425][-323.48312, -493.39056, 1763.8605][116.31366, -488.7033, 1723.7837][-76.892166, -206.97385, 1786.9186][-180.51921, -378.6048, 1780.9036][11.916492, -384.63593, 1758.9697][-190.58168, -913.655, 1798.2255][52.271694, -918.30054, 1774.8958][-134.43289, -1406.2959, 1936.8044][14.390652, -1420.1113, 1883.5365]
341[-44.702606, 218.89363, 1789.8467][-69.39498, -33.58171, 1802.7474][-221.3317, -28.860733, 1820.1604][82.541725, -38.30269, 1785.3345][-292.59625, -228.21939, 1869.3723][152.8615, -226.76773, 1851.1029][-319.29007, -486.59045, 1757.7125][134.05116, -488.72937, 1758.2643][-76.75366, -207.94583, 1785.8126][-181.02187, -379.29877, 1779.9844][12.79719, -385.3211, 1757.7712][-185.34767, -914.7791, 1793.2433][41.16487, -920.2312, 1757.9474][-132.18672, -1407.1984, 1934.606][13.233358, -1420.3582, 1877.8605]
342[-44.334976, 218.82588, 1788.6326][-69.37628, -33.95543, 1801.8451][-221.62987, -29.194397, 1818.3867][82.877304, -38.71646, 1785.3035][-292.64508, -224.7166, 1870.7009][153.48805, -227.63875, 1848.3198][-317.13226, -480.74786, 1746.0205][140.32028, -475.57513, 1755.5546][-76.63561, -208.18924, 1785.1763][-181.36697, -379.37506, 1779.0973][13.577097, -385.47104, 1757.9176][-184.53996, -914.6864, 1797.2472][61.10681, -918.9142, 1766.6987][-132.11127, -1407.364, 1937.8641][18.323246, -1420.3875, 1876.0023]
343[-44.308228, 218.89835, 1787.4774][-68.71858, -33.880432, 1802.195][-220.79938, -29.063568, 1817.5166][83.36221, -38.697296, 1786.8733][-292.3918, -219.61331, 1869.4192][153.46413, -229.40744, 1847.2637][-321.31146, -453.63678, 1743.5865][140.35542, -474.16382, 1742.9899][-75.8725, -207.42195, 1785.7444][-181.34483, -377.84943, 1779.1991][15.292002, -384.0775, 1759.3885][-181.16907, -912.8625, 1805.51][71.86853, -916.1819, 1734.9899][-135.46478, -1405.1648, 1949.8486][27.745262, -1413.033, 1863.35]
344[-44.384323, 218.72107, 1787.1624][-68.12513, -33.891663, 1802.4132][-219.98517, -28.543274, 1818.2552][83.73492, -39.24005, 1786.5712][-291.20822, -217.6529, 1867.319][152.95818, -234.44443, 1845.282][-320.19757, -463.6066, 1722.0315][140.14952, -474.09534, 1720.5275][-76.02835, -207.02661, 1785.1053][-181.47452, -376.72617, 1777.9731][13.611365, -383.59695, 1757.6218][-188.2607, -912.0065, 1796.6249][69.32308, -915.9158, 1736.3677][-140.86253, -1400.6196, 1952.456][25.141846, -1412.4634, 1865.8328]
345[-44.441307, 218.32553, 1786.5748][-68.19071, -34.410477, 1801.8379][-220.2747, -28.94748, 1817.9751][83.89327, -39.873474, 1785.7007][-290.34332, -217.09285, 1864.0262][152.952, -238.31888, 1844.7118][-325.32742, -461.71484, 1705.1987][133.56741, -485.0229, 1691.1351][-76.20888, -206.94693, 1784.6805][-181.30821, -375.99615, 1777.8242][12.854135, -382.97064, 1757.2222][-203.86232, -910.4997, 1804.5856][70.44277, -915.0942, 1736.079][-141.89853, -1394.8254, 1968.4811][21.175076, -1410.2239, 1869.0901]
346[-44.33474, 217.9193, 1786.4386][-68.45862, -34.36093, 1801.0441][-220.77232, -29.058975, 1816.7493][83.85509, -39.662888, 1785.3389][-289.65775, -218.33664, 1849.5825][153.25314, -239.54158, 1842.1846][-325.39572, -479.3174, 1667.7697][126.32144, -478.00623, 1664.2472][-76.17819, -206.6659, 1784.3461][-180.91815, -375.59363, 1777.652][13.122622, -382.34808, 1757.6442][-205.05588, -909.9577, 1805.7827][39.581833, -917.30347, 1751.1958][-144.19073, -1393.8936, 1971.2345][16.99855, -1418.1665, 1869.0898]
347[-44.369762, 217.4925, 1786.4425][-68.977974, -34.622986, 1800.236][-221.53036, -29.66301, 1814.5975][83.57441, -39.582962, 1785.8744][-293.9034, -226.9302, 1832.9799][155.36665, -237.9374, 1840.4703][-324.38995, -472.64716, 1629.2366][104.21781, -457.5788, 1632.3835][-76.11151, -207.20392, 1784.0648][-180.14977, -376.63416, 1777.0165][13.659686, -382.93555, 1758.7709][-209.69952, -911.00977, 1799.1166][20.559105, -918.5368, 1757.1489][-148.62616, -1393.3096, 1969.2039][9.671092, -1420.4509, 1872.1984]
348[-44.629158, 217.1738, 1786.8417][-69.195625, -34.53331, 1799.441][-221.5762, -29.813843, 1813.6982][83.184944, -39.252777, 1785.1838][-296.24054, -229.52725, 1823.2241][159.82332, -233.78412, 1826.0488][-326.90027, -441.4737, 1593.2723][81.758286, -431.3609, 1598.6892][-76.03452, -207.52103, 1783.6099][-179.50081, -377.51605, 1776.8195][13.753964, -383.50146, 1758.7379][-180.01723, -909.3688, 1840.405][11.084179, -919.1183, 1762.9961][-149.7806, -1405.661, 1974.7361][0.5336256, -1422.5032, 1871.4277]
349[-44.831215, 217.21948, 1787.5425][-69.18677, -34.371826, 1799.3301][-221.9292, -29.906769, 1813.0261][83.555664, -38.836884, 1785.634][-300.972, -229.13062, 1805.906][164.77634, -233.67482, 1817.379][-310.20905, -423.14233, 1546.7616][56.658997, -381.02515, 1584.0446][-75.63529, -207.05289, 1783.71][-179.37756, -376.8898, 1776.814][15.209938, -382.5781, 1759.3657][-195.8277, -910.02014, 1825.8035][39.39774, -917.00696, 1785.809][-154.0758, -1402.3636, 1971.0913][11.086906, -1422.8417, 1878.4568]
350[-44.972942, 217.45305, 1789.173][-69.74667, -34.42488, 1799.6362][-222.81818, -30.294174, 1813.2186][83.324814, -38.555588, 1786.0538][-304.5037, -228.65627, 1797.0848][172.4288, -230.03809, 1813.9486][-288.0122, -379.00272, 1509.312][75.85478, -354.9212, 1581.3627][-75.74412, -206.41089, 1784.3506][-179.3649, -375.76248, 1777.7273][15.881793, -381.0313, 1760.4026][-176.81537, -907.38696, 1843.0234][50.728855, -908.6131, 1846.0634][-150.05667, -1405.2615, 1972.0789][17.730713, -1419.5422, 1901.8561]
351[-44.720802, 217.56664, 1789.9998][-70.0344, -34.15605, 1800.2284][-223.05888, -30.167572, 1814.1278][82.990074, -38.14453, 1786.329][-307.87506, -228.78896, 1792.0736][185.8199, -218.48259, 1793.968][-257.46133, -329.16132, 1478.0408][-12.373581, -266.3927, 1559.3325][-75.86853, -205.58046, 1785.1886][-179.23158, -374.46283, 1779.0074][15.826273, -379.54688, 1761.2902][-173.2948, -904.3798, 1856.4495][40.730484, -910.722, 1825.1436][-149.9349, -1405.4171, 1973.1533][22.398958, -1420.4977, 1895.83]
352[-44.366394, 217.34541, 1791.1619][-70.447624, -33.279358, 1801.0667][-223.0, -30.493622, 1816.128][82.10476, -36.065094, 1786.0052][-311.32437, -228.9827, 1785.691][188.84433, -210.36513, 1784.3158][-222.9328, -273.11893, 1459.1664][-47.961227, -207.55136, 1573.7906][-75.041374, -204.52124, 1786.2103][-175.02626, -374.02118, 1780.7719][15.756012, -377.50507, 1761.9362][-162.98723, -902.58527, 1865.7413][39.78524, -908.67596, 1825.378][-150.92105, -1405.8955, 1973.6525][21.614473, -1418.325, 1896.3666]
353[-44.281334, 216.71733, 1794.2036][-67.278275, -31.32161, 1805.7527][-216.49513, -27.399963, 1822.3784][81.93858, -35.243256, 1789.127][-309.59406, -224.9632, 1766.5435][186.58878, -201.32823, 1761.6134][-179.98972, -210.5555, 1456.3502][-58.85948, -160.47809, 1592.249][-73.7199, -203.38036, 1788.5234][-175.04253, -372.9455, 1781.8658][14.719463, -377.93274, 1760.7225][-165.52748, -902.88257, 1857.8052][34.039085, -910.34064, 1814.1946][-148.48947, -1405.6763, 1967.2119][18.118546, -1419.8599, 1886.2944]
354[-44.62899, 216.69536, 1795.3472][-67.351746, -29.887848, 1805.1381][-216.15112, -25.525375, 1820.397][81.44763, -34.25032, 1789.8792][-295.42038, -203.49794, 1731.201][178.89845, -187.3719, 1725.8214][-140.54683, -157.0126, 1463.8605][-62.867065, -124.65303, 1621.1726][-74.137375, -202.88315, 1788.4258][-175.17506, -373.11517, 1781.3787][13.329048, -378.64172, 1762.0483][-165.19774, -902.6371, 1859.7333][6.53724, -913.9205, 1769.9924][-148.0314, -1405.9235, 1966.579][11.744535, -1419.7864, 1865.2838]
355[-45.430878, 216.84598, 1796.335][-68.02975, -27.499695, 1806.6305][-215.65918, -22.823303, 1821.7568][79.59969, -32.176086, 1791.5042][-274.98468, -182.07034, 1695.0121][161.8577, -168.2432, 1694.8713][-109.046616, -107.22592, 1481.1555][-56.12039, -72.12287, 1488.2245][-75.273766, -199.71364, 1789.1714][-174.2326, -369.02237, 1781.1095][9.197039, -374.8328, 1762.3151][-173.2806, -900.3535, 1846.4434][-29.480387, -907.73584, 1729.1384][-144.07709, -1403.1422, 1952.8022][1.1281261, -1408.0446, 1846.2527]
356[-46.265923, 217.01021, 1798.9172][-68.36818, -26.71167, 1808.6252][-215.51823, -22.398087, 1823.4718][78.781876, -31.025253, 1793.7787][-266.41522, -166.68762, 1673.0107][132.55939, -158.75662, 1665.2466][-108.00189, -126.10782, 1450.402][-56.990936, -39.987167, 1513.2565][-75.310684, -199.62839, 1790.0552][-173.8515, -369.86, 1780.7268][9.345127, -375.23022, 1762.2434][-168.24767, -901.1448, 1845.7291][-48.732983, -904.47974, 1707.0873][-134.89804, -1406.8164, 1935.6627][-7.7800484, -1401.9817, 1832.4618]
357[-46.60419, 216.95163, 1802.8146][-68.67353, -25.696701, 1814.1509][-214.59274, -21.666748, 1826.8705][77.245674, -29.726654, 1801.4313][-261.9781, -146.85994, 1652.2908][117.64378, -152.40237, 1643.9669][-81.628174, -94.69486, 1471.3333][-56.551407, -25.244095, 1535.3641][-75.37385, -199.11717, 1792.2295][-173.5116, -370.01236, 1778.2786][9.363277, -375.06293, 1762.3376][-172.0908, -900.197, 1851.5837][-35.08791, -907.50195, 1730.6497][-126.1682, -1398.7579, 1970.6931][-2.236599, -1405.6681, 1855.5908]

