0[299.99722, 123.98007, 1598.1877][297.71463, 226.36615, 1629.7355][245.29823, 223.97676, 1670.9746][352.85257, 228.8796, 1588.4963][206.9317, 283.61804, 1592.0321][371.983, 294.62012, 1474.7383][265.12567, 218.9339, 1426.4045][308.21024, 221.42229, 1405.91][291.0445, 284.11835, 1596.0756][247.74345, 340.65936, 1589.7958][321.72693, 348.19043, 1535.0355][212.16165, 466.95282, 1582.447][323.2842, 469.76413, 1605.5867][257.81195, 554.90015, 1698.8081][315.203, 578.2566, 1667.7262]
1[297.80093, 125.05501, 1608.7782][295.3559, 229.00826, 1645.3878][243.79707, 228.2574, 1690.2651][349.80612, 229.80122, 1600.5105][205.74553, 284.0832, 1584.5276][369.6817, 294.72134, 1487.2847][271.4947, 216.26573, 1428.5364][303.56305, 221.23633, 1416.2572][289.19125, 286.4513, 1603.2618][246.8357, 344.27585, 1590.7015][319.93658, 349.818, 1531.5702][208.2871, 472.425, 1565.2446][321.4488, 471.8654, 1601.0437][256.15564, 560.2605, 1682.011][314.9787, 580.63525, 1663.4886]
2[294.9726, 127.06396, 1619.9146][291.5609, 231.15074, 1658.5504][240.42908, 231.57814, 1706.4833][345.73615, 230.69789, 1610.6176][205.24345, 283.15488, 1565.9808][367.94638, 295.55322, 1494.2928][271.60797, 218.2363, 1432.6951][303.67755, 229.18663, 1437.6632][285.84573, 288.06143, 1612.0658][244.2063, 346.34506, 1597.0028][316.83368, 350.44043, 1534.1595][219.30351, 475.15167, 1587.4087][319.83295, 473.99112, 1596.2516][260.14792, 567.8325, 1690.8015][314.61862, 582.4316, 1661.6471]
3[291.61023, 128.14175, 1631.0442][287.57596, 233.9656, 1667.6011][237.03566, 234.71411, 1709.7739][340.73886, 233.17827, 1625.428][202.59064, 278.30493, 1543.6285][364.82578, 296.0893, 1499.341][274.51627, 218.6496, 1434.3732][303.95663, 229.23169, 1421.3691][282.7483, 289.32693, 1620.703][242.83218, 346.55957, 1601.1316][313.66354, 349.46628, 1546.4785][225.09633, 474.86365, 1597.7922][314.51328, 469.6585, 1618.5564][260.98325, 568.7035, 1698.5294][314.9989, 581.8889, 1663.3639]
4[289.794, 128.79611, 1637.9728][285.5926, 236.03148, 1676.8768][235.11389, 235.97107, 1718.488][338.6403, 236.09496, 1635.2656][202.64267, 272.46777, 1538.7998][362.57733, 297.5626, 1503.1484][275.43845, 219.75783, 1441.9388][303.57758, 234.06598, 1408.919][279.80536, 292.0734, 1628.361][237.7181, 349.51068, 1607.7251][310.89874, 353.6775, 1551.9651][242.8838, 474.13663, 1631.0951][314.26514, 472.44403, 1627.1552][265.50455, 573.28284, 1715.3308][314.84912, 587.3657, 1657.8457]
5[286.3142, 130.3093, 1649.7535][284.72308, 236.78278, 1685.5166][235.94211, 235.15846, 1728.9851][336.0867, 238.49309, 1642.0481][195.49991, 271.49673, 1571.626][358.74295, 299.64236, 1507.4513][233.16818, 223.2562, 1466.8029][291.62918, 232.28918, 1428.23][277.3538, 292.2407, 1640.8497][233.07257, 347.4157, 1627.0304][307.51007, 354.32257, 1565.3353][245.57451, 472.00482, 1634.2001][306.21292, 473.90857, 1629.0696][265.37573, 572.23096, 1713.554][313.8966, 587.89703, 1659.595]
6[280.66516, 131.94878, 1665.5518][284.01703, 237.20645, 1690.4216][236.28761, 233.96284, 1734.9556][334.32935, 240.6256, 1645.8877][188.83893, 271.93506, 1615.4445][357.00443, 301.39777, 1515.2676][226.71207, 219.30682, 1474.6464][291.7219, 235.2654, 1428.4802][275.12616, 293.08682, 1650.2258][230.0676, 347.08307, 1641.8862][302.95737, 356.6204, 1578.1738][235.00502, 466.7646, 1675.4982][305.3768, 476.6713, 1633.7084][262.93326, 572.20886, 1717.5587][311.3075, 590.2451, 1664.1569]
7[277.85992, 133.17886, 1676.195][281.60223, 237.08264, 1699.926][234.87772, 233.10669, 1742.9072][330.75082, 241.26488, 1656.9448][183.47159, 271.95517, 1661.9913][356.1538, 302.964, 1543.5092][217.56393, 224.29776, 1489.6882][293.0823, 237.8018, 1434.4642][272.65512, 291.85373, 1665.509][228.16776, 343.81894, 1662.241][299.86218, 354.2528, 1599.9431][234.29486, 462.53766, 1693.8124][304.64343, 474.1725, 1648.6973][260.24103, 569.99835, 1724.279][310.06497, 589.52356, 1667.9237]
8[274.78726, 133.92375, 1686.4166][278.16492, 236.45172, 1707.487][233.48212, 233.05804, 1749.7826][325.11758, 240.0178, 1665.1915][178.68944, 273.59653, 1669.3634][355.91928, 303.2187, 1560.6857][209.71735, 222.75558, 1490.6295][304.42722, 238.9482, 1430.1458][269.72797, 291.34167, 1674.3583][227.33394, 343.81454, 1671.9198][295.84808, 353.2572, 1610.5392][235.21835, 461.4724, 1704.4452][304.2329, 464.33337, 1697.9192][260.07855, 567.38873, 1739.3522][309.2758, 583.98035, 1679.0212]
9[272.51108, 134.34286, 1692.76][276.47888, 235.4542, 1715.6362][232.42201, 231.65565, 1756.2848][322.6741, 239.43712, 1674.9877][177.42108, 272.0873, 1661.938][354.61136, 303.6643, 1576.7887][197.7236, 219.3179, 1489.3291][305.0129, 243.18037, 1457.941][267.81976, 290.40314, 1684.6556][226.69247, 342.7054, 1682.3492][292.11426, 352.28253, 1625.0009][233.12332, 461.17767, 1704.7344][301.34357, 461.91248, 1714.2874][258.7334, 564.8314, 1748.8291][306.6173, 581.5773, 1688.0594]
10[268.57394, 134.69406, 1698.9218][268.72516, 231.16321, 1734.4556][220.49615, 229.77153, 1779.0875][319.50186, 232.6284, 1689.8236][175.35825, 278.25858, 1669.7754][349.32428, 299.51016, 1592.2562][190.39714, 227.83066, 1505.196][309.77222, 233.79292, 1461.6553][262.5097, 287.31824, 1700.1155][223.50214, 342.8907, 1694.6461][289.72144, 348.78867, 1636.9047][221.39752, 459.0028, 1728.3414][300.60703, 459.41003, 1718.9838][254.35312, 563.7385, 1752.5479][304.75775, 577.74414, 1699.465]
11[264.613, 135.54468, 1704.6653][263.97284, 229.63231, 1747.3062][214.93387, 229.8474, 1786.7888][315.27927, 229.40729, 1707.8237][174.03308, 283.8153, 1720.513][345.78174, 298.5157, 1627.7441][175.5319, 235.47627, 1517.2527][316.71317, 236.01958, 1473.7091][259.5189, 286.00742, 1709.2853][223.22102, 343.43604, 1695.5381][287.43613, 346.50363, 1646.9905][229.2734, 457.568, 1741.2545][298.9771, 458.8645, 1717.44][253.07971, 564.0399, 1764.1411][302.359, 576.1161, 1704.7318]
12[261.0937, 136.5409, 1710.9937][260.00787, 228.9414, 1756.8755][212.82443, 229.38785, 1794.1632][309.23755, 228.4756, 1719.5878][169.43365, 283.2002, 1754.7451][341.17667, 298.79883, 1660.0792][162.50046, 235.85048, 1515.1251][323.9016, 240.0032, 1488.637][256.09708, 285.28015, 1721.0594][220.88687, 342.72565, 1708.7587][284.03436, 345.338, 1661.7281][227.85703, 457.3734, 1747.2865][297.19385, 459.24124, 1719.4513][251.12717, 563.67505, 1770.8584][299.82404, 574.859, 1716.047]
13[258.10812, 137.46092, 1719.5378][255.26027, 227.27795, 1764.6426][209.42131, 228.35701, 1802.5867][303.11383, 226.15147, 1726.6985][165.95325, 285.55307, 1764.7982][336.7121, 293.7943, 1693.6877][150.26556, 246.949, 1523.5087][330.22284, 241.88739, 1501.3292][252.31256, 283.53146, 1732.3566][217.36801, 340.99097, 1725.4037][282.10242, 342.88034, 1674.7374][223.92786, 452.7714, 1776.0763][295.3548, 457.31366, 1725.4594][248.91122, 561.1376, 1777.3218][297.97992, 569.5282, 1737.8546]
14[256.1499, 137.58658, 1725.156][252.57285, 226.53755, 1769.684][206.74828, 227.76358, 1806.046][300.32007, 225.2601, 1733.3219][163.21861, 286.43607, 1773.1533][336.0417, 290.9911, 1709.247][139.56512, 256.1606, 1524.5476][335.63922, 247.37381, 1505.8624][250.32956, 282.9882, 1741.1172][216.16174, 340.56647, 1736.9047][280.7801, 342.09955, 1688.1962][222.55182, 454.43414, 1770.136][288.98816, 456.59595, 1736.314][247.8505, 561.6366, 1780.1027][296.61032, 565.7141, 1759.8948]
15[254.06407, 137.70877, 1731.6735][249.31082, 226.21233, 1771.3798][202.46983, 227.77443, 1810.0398][298.24203, 224.58052, 1732.7197][159.41783, 288.79828, 1790.7482][334.9758, 289.3426, 1722.4147][129.42004, 271.26294, 1532.5166][340.44318, 257.8966, 1506.1377][247.94397, 283.20386, 1748.0505][214.37204, 341.11462, 1750.4292][279.68167, 342.37854, 1699.0134][218.9226, 455.78387, 1774.2551][286.94858, 455.37207, 1753.6418][245.0806, 563.14655, 1782.155][295.361, 563.00305, 1780.3113]
16[251.83029, 137.7535, 1737.888][246.6464, 226.45506, 1773.6982][198.15599, 228.50058, 1807.7032][297.03244, 224.32956, 1739.6932][154.99635, 293.02002, 1801.121][333.50314, 287.52124, 1741.9447][119.59665, 288.92432, 1528.8939][344.5872, 271.56802, 1501.4141][246.19208, 283.69727, 1751.2466][213.8551, 342.33685, 1750.445][278.4052, 342.518, 1707.1449][218.30695, 456.33368, 1781.032][286.58105, 456.43802, 1754.7737][242.9697, 562.64087, 1795.9891][291.89355, 562.4625, 1791.0293]
17[249.38275, 137.6495, 1741.9917][243.00122, 225.3497, 1784.3718][194.48178, 227.91414, 1809.7495][292.92065, 222.71126, 1758.9939][153.98924, 294.23633, 1818.8209][330.58362, 288.23947, 1748.3502][115.06831, 304.1092, 1545.5627][344.97958, 294.9556, 1497.1871][243.53311, 283.7465, 1760.8737][211.21233, 344.33545, 1754.032][277.58282, 343.09854, 1720.719][217.86702, 459.28262, 1777.0648][286.4969, 457.80652, 1758.806][239.9832, 563.76733, 1806.3573][290.21295, 562.56976, 1800.8103]
18[247.81058, 137.54468, 1745.2609][241.9318, 226.40054, 1782.4581][192.07314, 228.38226, 1804.1937][293.02142, 224.36989, 1760.7225][153.52792, 293.7794, 1818.9984][329.90332, 287.11945, 1766.6434][110.72145, 321.14026, 1552.0138][345.19202, 313.8153, 1509.8578][242.52542, 283.97412, 1765.713][211.05325, 343.02396, 1762.6256][275.71246, 342.27042, 1735.3102][217.65408, 457.2965, 1788.0952][284.27405, 459.5055, 1751.3779][238.32565, 560.659, 1822.2207][287.18048, 565.77026, 1789.288]
19[247.172, 137.55591, 1748.4039][241.12537, 226.98392, 1783.5347][190.77167, 228.85764, 1803.1152][292.59692, 225.0686, 1763.9541][155.49698, 291.45575, 1832.5297][323.77515, 286.58603, 1792.4094][103.770584, 335.95203, 1571.0417][345.2931, 330.65268, 1532.8396][241.80261, 283.8252, 1768.579][211.15332, 342.02713, 1765.552][274.25876, 341.23947, 1741.6946][208.97694, 455.8473, 1793.5668][281.99585, 458.88455, 1752.3551][237.34276, 557.4177, 1827.415][285.1162, 565.15125, 1790.221]
20[246.36081, 137.6294, 1752.4053][240.5542, 227.54892, 1784.7589][190.20372, 229.35904, 1805.1329][292.0675, 225.697, 1764.3849][156.26743, 291.16684, 1839.6969][320.9919, 286.93094, 1811.489][97.61069, 343.92328, 1584.5454][345.89526, 346.4588, 1558.7704][241.15088, 283.67047, 1770.2787][210.69348, 341.04633, 1768.1072][273.2599, 340.38446, 1743.4897][205.5333, 454.16837, 1798.1471][279.70734, 458.43143, 1749.9003][232.92473, 555.5147, 1832.6671][282.9722, 564.62305, 1788.3254]
21[245.9638, 137.79382, 1756.3269][239.96841, 227.95906, 1785.7606][189.64, 229.8742, 1806.6736][291.4896, 225.99854, 1764.8477][158.48427, 290.71985, 1852.1179][318.78693, 287.4277, 1816.8219][93.570145, 340.47522, 1603.8151][344.75262, 360.80746, 1590.9049][240.67108, 283.6065, 1771.5696][210.37164, 340.5324, 1769.9999][272.8473, 339.76743, 1744.7572][203.74673, 451.01315, 1815.2861][279.61694, 457.42828, 1752.8835][233.02957, 552.69434, 1840.0039][281.1749, 563.6647, 1790.2123]
22[245.5055, 138.02943, 1761.066][239.32155, 228.48532, 1787.0801][188.91641, 230.37804, 1808.7126][290.96194, 226.54623, 1765.4475][159.17064, 290.95517, 1859.2489][317.33514, 288.08853, 1819.6238][88.03487, 334.51364, 1603.4874][342.27618, 372.58698, 1624.1354][239.92017, 283.7754, 1772.4137][209.42296, 340.33307, 1770.8136][272.1005, 339.638, 1744.681][202.22734, 451.37332, 1811.926][279.6592, 456.28406, 1760.0662][230.86264, 552.01166, 1844.2661][279.80237, 562.7577, 1794.3376]
23[245.2727, 138.14725, 1764.4006][238.86093, 228.97325, 1790.705][188.68759, 231.09998, 1812.935][290.29562, 226.79305, 1768.4749][159.29158, 291.4442, 1864.1362][316.3207, 288.16733, 1821.288][86.73476, 320.6112, 1607.9114][339.1749, 380.36407, 1665.0428][239.5187, 284.16235, 1774.0337][208.906, 340.87256, 1770.897][271.95752, 339.9172, 1743.8279][201.07536, 452.46454, 1807.3865][279.8297, 455.129, 1769.0402][229.51294, 552.1666, 1845.7336][277.5348, 560.5293, 1805.3456]
24[245.11969, 138.37738, 1766.8928][239.01285, 228.81502, 1792.7583][189.2509, 230.907, 1815.1958][290.03616, 226.67001, 1770.3208][158.61053, 291.4183, 1866.1151][315.873, 288.1794, 1822.5936][86.9507, 305.58612, 1600.7806][336.30185, 386.6784, 1696.2552][239.54575, 284.2488, 1774.9703][208.88632, 341.24854, 1770.9048][271.78375, 340.3543, 1743.46][200.26538, 453.2251, 1804.9105][280.00232, 454.57733, 1775.991][228.23608, 553.26416, 1843.1902][276.09634, 559.00854, 1815.1108]
25[245.05531, 138.41068, 1768.8739][239.28516, 228.81548, 1792.9878][189.523, 230.78406, 1816.3766][290.36276, 226.79485, 1769.599][152.83057, 290.44824, 1867.0416][315.47186, 288.3619, 1822.7789][95.79059, 288.11768, 1606.7185][333.88712, 388.4887, 1727.6798][239.68298, 284.4346, 1775.5338][208.74567, 341.48682, 1772.4523][271.94843, 340.82397, 1743.7074][198.58589, 455.13312, 1794.4133][280.22733, 454.50665, 1780.4043][225.53056, 554.2881, 1841.8124][276.05603, 557.115, 1827.2955]
26[245.35962, 138.39594, 1769.0573][239.44743, 228.80685, 1793.9403][189.83205, 230.67749, 1816.5286][290.32822, 226.88852, 1771.352][149.89867, 288.79483, 1863.5166][314.88593, 289.25946, 1823.6564][100.050964, 267.55222, 1597.7059][334.43393, 391.5843, 1744.0365][239.75963, 284.6538, 1776.2063][208.53864, 341.9245, 1772.4807][272.12415, 341.32516, 1744.4639][200.654, 458.13638, 1778.7478][280.3202, 454.91766, 1782.6367][226.95978, 555.81885, 1838.4846][276.66156, 556.8092, 1833.1122]
27[245.71284, 138.35298, 1767.9843][240.2709, 228.73637, 1793.7561][190.8492, 230.24983, 1816.8502][290.98178, 227.18343, 1770.662][146.57239, 283.60718, 1848.053][314.75284, 289.71, 1822.9546][109.66083, 248.48291, 1588.7306][333.54645, 393.69086, 1760.3972][240.23077, 284.81857, 1776.5483][208.53809, 342.0451, 1773.7808][272.3655, 341.9498, 1744.9004][207.32462, 456.44943, 1794.6964][279.71167, 455.36475, 1784.0776][226.31851, 557.491, 1840.5112][276.96402, 556.4612, 1837.7736]
28[246.22891, 138.35014, 1766.412][240.74854, 228.51973, 1793.1179][191.28204, 229.88744, 1815.1586][291.44626, 227.11798, 1771.0773][143.02724, 279.81873, 1833.2754][314.24786, 290.2407, 1824.1573][123.44632, 229.43541, 1588.0807][334.1048, 393.65994, 1769.4084][240.6716, 285.55792, 1776.5629][208.61235, 343.6494, 1773.9343][273.08423, 343.68918, 1746.0813][209.94514, 457.6772, 1798.9966][279.80444, 457.01068, 1786.7029][225.74667, 559.8917, 1840.858][278.6709, 556.5498, 1847.598]
29[246.521, 138.26642, 1766.4138][240.89093, 228.17406, 1792.0417][191.42632, 229.57388, 1814.7965][291.62787, 226.73822, 1769.287][142.2244, 277.78104, 1827.3016][314.1256, 290.3809, 1823.2368][137.57541, 217.23383, 1591.1158][334.9631, 393.58762, 1770.8026][240.89217, 285.87042, 1776.1378][208.38934, 344.5699, 1774.8573][273.94205, 344.64954, 1745.6105][211.37256, 458.64798, 1799.3999][279.64197, 458.47678, 1783.6943][224.08658, 560.4884, 1844.7069][279.94772, 555.36755, 1856.8557]
30[246.9843, 138.06903, 1765.5792][241.34334, 225.87314, 1788.0549][192.14098, 226.98328, 1809.6805][291.75043, 224.73581, 1766.4293][137.8259, 273.65515, 1800.4257][314.16455, 288.9047, 1821.5212][149.16582, 207.66248, 1585.1191][336.25858, 392.89026, 1764.3026][241.20523, 284.878, 1773.8866][208.3135, 344.62567, 1773.8291][274.3458, 345.04364, 1745.6074][211.91386, 458.51907, 1800.7534][279.73642, 458.8031, 1784.8021][224.07758, 560.10474, 1847.616][280.57852, 554.55396, 1862.8954]
31[248.68927, 137.49841, 1763.374][242.74971, 225.18114, 1788.0562][193.77332, 226.57805, 1808.5284][292.8606, 223.75186, 1767.5839][137.84293, 271.69934, 1764.8527][314.5863, 288.1369, 1821.716][159.72574, 199.17068, 1572.1786][337.34308, 391.83307, 1755.1525][242.95563, 282.9005, 1773.7325][210.47803, 341.6128, 1772.801][276.35315, 341.50583, 1746.0168][209.82098, 459.56592, 1770.8036][280.65707, 455.4332, 1785.2914][221.78256, 557.7267, 1840.9047][282.22348, 552.1572, 1860.139]
32[248.57051, 137.38684, 1764.3326][244.7351, 223.54408, 1788.316][195.87186, 224.60031, 1808.0682][294.6898, 222.46425, 1768.5638][136.96878, 266.0332, 1725.4272][315.4802, 286.80252, 1823.8346][171.22198, 195.1155, 1548.2887][339.2426, 389.21945, 1743.1909][244.4492, 281.44858, 1772.5067][211.01791, 340.24585, 1769.812][277.79697, 340.54697, 1743.5828][209.62775, 457.34735, 1778.1179][282.85324, 456.42206, 1772.6594][222.59071, 554.9145, 1850.1904][283.12164, 550.54047, 1861.8032]
33[250.39413, 136.808, 1763.6172][245.72112, 223.65248, 1788.6101][195.94556, 224.58492, 1808.0254][296.58917, 222.69958, 1769.1948][137.24902, 262.85867, 1703.4724][316.31506, 287.17365, 1825.702][178.94955, 191.11722, 1522.5656][341.24802, 390.21555, 1727.568][245.20694, 281.31433, 1771.5748][210.98553, 339.88058, 1767.3909][278.87738, 340.3144, 1741.6882][211.13528, 462.42865, 1788.146][283.16168, 456.20456, 1771.8583][223.27881, 570.31274, 1866.5234][283.8135, 550.31604, 1861.3439]
34[252.35774, 136.32025, 1762.5907][249.17856, 224.07558, 1788.3927][198.80576, 223.41313, 1811.2971][300.85837, 224.75523, 1765.4883][137.7758, 259.49197, 1692.8871][319.7928, 289.33466, 1822.7067][187.38248, 188.89543, 1491.1355][342.55063, 390.31772, 1716.6241][246.77612, 282.66846, 1771.873][210.29236, 340.90408, 1770.4994][278.95703, 343.84964, 1740.2074][211.83527, 458.51233, 1789.609][284.85175, 460.62103, 1764.255][223.17737, 564.03516, 1871.2728][284.13226, 553.29395, 1860.0142]
35[253.83997, 136.1353, 1761.3181][250.07397, 224.03522, 1788.7212][200.7597, 223.78221, 1812.3673][300.70953, 224.295, 1765.0751][144.60986, 258.60284, 1652.7661][321.93573, 289.32104, 1821.901][204.99661, 186.9685, 1454.2192][346.38995, 390.15332, 1696.5894][247.9251, 282.48895, 1770.3062][211.07227, 340.90903, 1768.1229][281.0381, 343.4577, 1735.6593][211.68356, 456.0921, 1792.0345][290.02267, 460.4811, 1759.2415][221.50409, 552.343, 1868.0577][285.47595, 552.9508, 1856.4312]
36[257.9999, 135.61615, 1760.3606][253.43027, 224.50342, 1787.2058][204.74777, 223.66444, 1811.3331][303.4452, 225.36534, 1763.0785][148.94542, 258.07925, 1637.844][323.47885, 289.68954, 1820.1198][207.45393, 192.26385, 1420.3239][347.96667, 388.68085, 1681.4045][250.4227, 282.20258, 1766.7682][212.04793, 339.51355, 1763.3893][283.33786, 343.02527, 1729.2719][212.27048, 454.3719, 1791.8734][290.11893, 459.60992, 1759.7177][221.56566, 549.9447, 1871.2986][284.64685, 553.0354, 1853.0796]
37[262.71442, 135.21185, 1757.3035][258.41162, 224.31773, 1777.8616][213.08733, 222.23483, 1798.6099][304.80634, 226.44983, 1757.1133][154.1994, 256.08337, 1631.541][324.26007, 289.78366, 1816.3846][214.4694, 191.42175, 1385.4545][349.05386, 386.48505, 1665.802][253.91914, 282.1643, 1757.8274][212.37024, 338.5393, 1754.331][286.986, 344.20386, 1721.2554][212.55983, 452.71677, 1791.1415][290.60074, 459.69836, 1762.4236][222.6532, 547.55133, 1873.8527][286.7152, 553.3544, 1854.5447]
38[267.56964, 134.86572, 1747.5449][261.24646, 224.54521, 1768.9926][216.03802, 222.90346, 1786.7107][307.36963, 226.22018, 1751.2744][162.8288, 255.79227, 1591.4288][324.91663, 287.97122, 1816.3724][224.12576, 190.26723, 1342.306][351.03076, 383.22162, 1655.3419][257.31897, 282.95663, 1747.0446][214.82034, 340.4547, 1739.8041][292.42438, 345.2953, 1710.389][212.49895, 453.43042, 1789.2439][291.75287, 459.24384, 1765.026][224.67236, 547.5978, 1874.5366][287.85107, 553.04443, 1856.1637]
39[270.02075, 134.34457, 1742.3519][263.7072, 225.34344, 1753.6995][219.1534, 223.63559, 1762.2219][308.6962, 227.06796, 1745.177][171.3966, 253.34662, 1555.927][325.18002, 288.67953, 1812.9045][232.54828, 185.94458, 1304.3895][352.1241, 382.32187, 1645.3186][260.23532, 284.11557, 1732.3322][218.79166, 342.41254, 1718.0353][294.8761, 346.31488, 1703.8944][213.16211, 454.27332, 1780.9181][294.553, 457.3004, 1767.8783][227.15204, 558.41473, 1887.5603][288.94455, 550.1388, 1855.9753]
40[272.48685, 134.23999, 1740.5564][266.41708, 224.85486, 1742.5204][220.79442, 222.72029, 1747.0669][312.27844, 227.0006, 1737.9739][175.95398, 250.49638, 1539.2848][326.27347, 289.99585, 1804.9778][238.76501, 183.91682, 1271.461][352.2558, 382.03564, 1636.9844][262.67587, 283.53192, 1720.1154][220.69446, 341.71362, 1701.4136][297.14413, 345.8108, 1694.0071][213.79593, 451.82413, 1769.0531][296.62793, 454.74777, 1772.0927][226.71432, 543.9326, 1860.5012][289.70972, 547.92285, 1857.93]
41[278.35034, 135.15564, 1740.1658][268.65265, 225.0693, 1733.2823][221.62027, 222.33443, 1727.3966][315.3667, 227.78566, 1739.1681][186.12132, 248.41135, 1499.4856][327.6533, 291.9679, 1796.2258][244.17593, 178.58621, 1238.3358][354.07422, 381.20346, 1630.8596][264.94144, 283.6078, 1712.0671][223.20927, 341.73654, 1686.2212][298.8577, 345.48367, 1695.4827][214.94331, 451.59998, 1759.2861][305.10825, 454.6876, 1770.9714][227.91965, 544.6427, 1848.7861][292.2725, 546.4972, 1860.0872]
42[281.2209, 134.90337, 1740.5693][271.8492, 228.06323, 1716.1273][221.58229, 225.49707, 1693.7208][320.82043, 230.56323, 1738.5338][203.91687, 241.35718, 1424.7192][331.7174, 291.3937, 1770.6965][250.41113, 172.05829, 1208.1492][357.91946, 380.86505, 1617.4711][269.3899, 286.22247, 1699.8234][232.53699, 344.8173, 1668.4578][300.61972, 346.1868, 1698.581][218.59799, 454.59705, 1743.405][309.49863, 456.64252, 1765.2238][230.00589, 550.1483, 1825.7412][292.91055, 545.58417, 1864.2048]
43[284.92435, 135.15974, 1739.9209][273.8061, 229.38556, 1708.1698][222.28386, 226.42358, 1674.449][323.3335, 232.23285, 1741.8906][205.99297, 240.94293, 1418.8546][331.749, 291.7584, 1774.3373][253.38214, 166.9996, 1172.7734][359.76816, 378.58484, 1618.8268][271.4253, 287.24243, 1692.5615][236.23663, 345.78912, 1655.7886][300.94708, 346.55383, 1698.1179][221.09622, 454.51984, 1738.6353][311.23758, 456.57208, 1766.538][231.81566, 551.3698, 1816.761][294.5847, 546.0427, 1863.1904]
44[290.49304, 135.77664, 1732.9641][275.0018, 229.8639, 1701.0178][223.61789, 227.23198, 1665.8762][324.30557, 232.3893, 1736.1597][212.8385, 238.57129, 1409.7959][332.55682, 291.44006, 1775.6299][256.679, 159.63379, 1139.218][361.30725, 378.51392, 1622.4425][272.95074, 287.69955, 1687.5585][238.63194, 346.3573, 1652.2705][302.27173, 346.57025, 1695.9275][222.76263, 454.73663, 1737.4185][315.07953, 457.74133, 1757.7][233.44565, 553.4013, 1808.3475][297.3896, 545.85046, 1860.6272]
45[293.7345, 135.42657, 1726.956][277.31836, 230.29086, 1698.344][226.38953, 227.22722, 1661.0314][326.05746, 233.2228, 1735.6566][219.29855, 236.87119, 1403.4639][334.25977, 290.9802, 1769.9119][261.25937, 158.06282, 1118.2528][364.30652, 377.7458, 1617.5161][274.82938, 287.7177, 1685.54][239.80247, 345.72833, 1649.1478][303.89832, 346.31085, 1696.3243][224.08264, 454.2517, 1735.6266][319.04474, 459.72693, 1744.5028][234.87201, 554.848, 1799.3796][298.94263, 545.3729, 1857.5571]
46[296.7152, 134.7024, 1717.9541][281.49835, 228.29805, 1684.0702][232.06564, 224.24037, 1639.2013][328.36533, 232.14511, 1728.9391][223.55501, 232.76497, 1382.916][335.68762, 290.77008, 1767.8767][259.4167, 158.32121, 1102.5739][368.39874, 374.46527, 1623.0554][277.59973, 286.49744, 1677.0917][241.07306, 344.61975, 1640.629][305.13312, 345.72714, 1699.5973][228.16211, 456.30917, 1717.6465][319.38348, 458.98743, 1748.7843][238.20767, 557.53577, 1783.352][299.9342, 544.5564, 1862.4076]
47[300.50287, 134.37271, 1686.1786][284.35464, 226.80258, 1675.6305][236.20953, 222.45978, 1632.0928][330.0612, 230.92542, 1719.1682][226.75931, 234.8624, 1384.7825][335.83072, 289.31406, 1770.5571][260.36917, 155.34775, 1080.2482][367.35394, 369.33774, 1637.9944][279.86307, 285.09314, 1670.5946][242.2596, 342.89957, 1635.7225][307.2646, 344.5433, 1695.3949][229.3209, 459.128, 1708.8108][321.115, 462.1234, 1740.1251][241.25983, 562.99084, 1777.3739][301.35693, 548.6151, 1862.1841]
48[299.58792, 134.83319, 1668.823][286.92148, 227.02429, 1670.7593][240.11438, 222.38312, 1624.8573][331.22546, 231.41727, 1716.6613][230.99435, 234.3676, 1380.516][336.1431, 287.55817, 1780.1227][263.71942, 154.39456, 1061.1796][368.58084, 364.3485, 1650.8718][282.04932, 284.77954, 1665.5815][245.4832, 341.9751, 1629.4475][307.65128, 343.7812, 1691.3601][243.07547, 476.37787, 1596.9498][322.7461, 462.5102, 1730.0565][246.15027, 569.4755, 1724.1115][302.5362, 548.9228, 1853.795]
49[300.29123, 135.39194, 1661.9794][290.27826, 228.92941, 1669.0793][244.14468, 223.20494, 1630.3619][334.3201, 234.39433, 1707.7968][238.64847, 232.41383, 1374.9647][333.42816, 282.1649, 1804.1859][264.3328, 154.27533, 1044.0381][370.66208, 365.1494, 1647.8654][283.84756, 285.87772, 1663.9902][245.13803, 341.08487, 1631.996][308.58765, 345.19925, 1685.8063][241.89964, 474.16992, 1609.5555][323.94617, 464.44577, 1724.0891][247.22537, 569.9381, 1726.9447][304.1396, 553.03674, 1841.4852]
50[301.1353, 136.19073, 1661.1958][291.71692, 228.66493, 1681.6948][244.45758, 222.09972, 1635.6359][336.45654, 234.8801, 1727.7538][245.53731, 226.33856, 1378.6805][333.85748, 282.78317, 1810.7269][265.50043, 152.01025, 1035.1719][373.28595, 365.88022, 1653.1637][285.54092, 285.3908, 1667.1917][247.01462, 340.8488, 1621.7616][310.314, 345.29263, 1683.6154][241.37057, 473.10828, 1613.1697][322.37894, 463.61127, 1731.672][247.61533, 570.3435, 1725.9733][303.6999, 554.6017, 1840.6195]
51[301.87283, 136.32535, 1656.7983][291.6221, 229.29417, 1677.6885][246.6927, 223.69608, 1633.595][334.2503, 234.60555, 1721.782][248.14798, 227.03685, 1376.9244][331.93756, 283.39627, 1820.2137][268.14893, 150.85965, 1016.88477][371.84662, 364.1284, 1672.6848][286.49487, 286.28177, 1660.7307][249.15112, 342.6766, 1612.8523][312.18674, 346.14844, 1674.6936][243.21915, 471.83026, 1630.7225][328.44644, 466.67484, 1711.3344][248.44838, 570.87933, 1734.8209][303.15936, 556.3419, 1824.0289]
52[306.97202, 135.78143, 1616.1136][292.1272, 230.341, 1677.5879][249.36697, 224.96013, 1641.1252][333.06818, 235.49295, 1714.0505][251.10217, 227.09088, 1392.9398][330.89447, 284.7707, 1822.8873][269.74384, 149.03848, 1008.41895][371.03247, 363.8971, 1679.3876][286.62622, 286.83203, 1660.9209][248.28722, 342.30325, 1616.9167][312.6698, 346.56256, 1671.5911][245.62834, 470.8778, 1640.3501][327.89185, 468.12408, 1707.0516][252.10437, 573.5582, 1731.51][304.2783, 560.5625, 1813.3893]
53[308.63397, 134.78229, 1597.9395][292.57355, 229.5359, 1678.7814][249.62515, 224.06097, 1641.0104][333.63187, 234.76988, 1716.5524][252.99467, 225.05418, 1390.142][330.34424, 286.44537, 1823.2645][270.03598, 149.50601, 1002.03284][372.36542, 365.39758, 1679.2653][287.16815, 287.0678, 1659.5828][248.40602, 343.79605, 1611.8464][313.73007, 348.02325, 1668.9219][247.45175, 471.29486, 1645.3881][330.7573, 470.64545, 1698.8094][254.09253, 576.7484, 1725.9546][304.91428, 563.8573, 1802.4951]
54[307.87378, 133.9303, 1599.6472][292.6324, 228.53984, 1678.7721][249.95374, 223.29996, 1642.3541][333.4987, 233.5572, 1715.1901][252.58525, 223.25923, 1389.4973][330.21283, 288.0592, 1821.4873][270.9916, 147.71837, 1000.79553][373.32254, 366.1151, 1681.5974][287.3814, 286.49554, 1659.9183][248.42651, 343.71686, 1613.0731][314.46658, 347.77966, 1669.056][248.77554, 471.64398, 1644.4347][330.1763, 471.7506, 1692.3906][257.241, 578.5777, 1719.8391][305.4418, 565.1654, 1797.7068]
55[307.25186, 132.75476, 1603.2092][293.79636, 228.43456, 1675.3066][250.57176, 222.83057, 1631.8713][334.83624, 233.75531, 1718.742][252.28735, 219.58397, 1387.5874][329.6769, 289.7306, 1811.3727][270.61957, 145.99939, 1007.9282][374.8573, 368.29974, 1676.3953][288.58597, 286.84503, 1655.8561][250.31125, 344.78326, 1604.0781][314.91595, 348.4328, 1668.7329][266.26605, 466.51056, 1669.5293][327.5078, 471.4121, 1700.9403][262.5257, 578.3937, 1720.4055][307.47525, 568.6926, 1794.2424]
56[307.3047, 132.03595, 1608.9904][292.57816, 221.70389, 1659.8495][251.67981, 217.81894, 1623.5378][331.72537, 225.42249, 1696.1611][249.00974, 220.53827, 1370.3324][321.38354, 287.7262, 1718.0723][269.3677, 139.499, 1012.1122][371.89307, 370.97394, 1690.4849][288.41733, 283.4105, 1647.1732][251.21146, 345.18854, 1605.6696][316.02933, 346.92914, 1663.3243][259.61475, 474.32794, 1632.566][315.9194, 472.68298, 1684.8741][261.9259, 581.6022, 1709.8015][306.71045, 571.7849, 1779.5182]
57[308.84885, 131.29245, 1635.1046][294.75424, 220.23889, 1649.0516][252.25233, 216.18341, 1611.923][335.38443, 224.1158, 1686.1803][247.72052, 219.01996, 1360.781][328.8314, 288.61108, 1735.4956][280.4175, 175.47362, 1057.9539][372.88702, 372.3438, 1679.8844][290.25208, 281.98325, 1640.3436][252.20468, 343.4487, 1602.6831][318.0309, 345.29187, 1660.5881][258.35608, 473.47192, 1626.8878][318.84735, 470.5472, 1687.0905][263.129, 581.5003, 1702.9824][305.94632, 570.69904, 1776.7449]
58[309.3294, 130.25293, 1646.4023][294.6295, 218.34866, 1636.6152][249.4221, 214.41525, 1584.8766][337.06616, 222.04102, 1688.3539][241.70682, 224.67622, 1324.08][331.54422, 286.23163, 1736.7899][261.88788, 149.08942, 1042.421][370.70596, 365.3538, 1680.1224][290.6536, 280.69412, 1632.295][254.00984, 343.47668, 1590.6891][317.84143, 343.26898, 1665.2606][258.22336, 474.49847, 1614.9615][324.90753, 468.34564, 1689.5804][265.29483, 582.5274, 1693.3774][306.16452, 567.86456, 1778.5059]
59[308.77017, 130.10347, 1652.1506][296.14764, 221.3774, 1631.5896][247.09421, 216.90271, 1574.6548][341.89304, 225.55034, 1688.5244][231.87424, 234.19661, 1314.9531][332.35077, 282.89676, 1748.3378][262.02386, 156.07083, 1057.6088][376.1646, 364.60217, 1654.8892][291.60928, 282.2769, 1629.5623][255.10498, 343.28583, 1590.3263][317.58582, 343.36847, 1664.7435][257.51492, 474.80573, 1612.1256][328.13467, 470.32822, 1675.5276][264.9579, 581.22015, 1696.9594][305.48373, 567.2053, 1774.2312]
60[308.1922, 130.16702, 1656.7875][294.6668, 223.66193, 1631.4834][243.80635, 219.99805, 1580.4164][342.4399, 227.10341, 1682.5504][223.25247, 241.8016, 1328.4365][332.50952, 281.41714, 1761.3116][260.93625, 162.84457, 1085.0875][376.28345, 363.7514, 1633.6675][291.3161, 283.0699, 1628.1448][255.36472, 342.8389, 1591.9873][319.2482, 342.6097, 1657.625][254.77246, 477.003, 1597.7983][331.16156, 469.0729, 1675.8958][264.35028, 580.63525, 1695.3976][307.8179, 568.5838, 1765.5238]
61[307.73026, 130.37015, 1658.3859][295.3728, 226.25328, 1626.3436][245.77634, 222.87025, 1584.7045][342.493, 229.4674, 1667.9828][213.00899, 246.74515, 1345.8063][340.19446, 279.67368, 1792.6174][261.3153, 172.4121, 1120.4584][368.73505, 356.35928, 1670.2418][291.91214, 284.29382, 1624.9526][255.1717, 342.213, 1595.5382][320.59024, 342.6471, 1651.5851][252.95877, 477.2666, 1593.0887][334.7865, 468.50012, 1674.9551][263.36478, 578.73474, 1698.6385][308.54187, 569.9527, 1755.3424]
62[306.7073, 131.03989, 1650.7297][294.2643, 226.85289, 1633.1588][243.79196, 223.65668, 1596.5424][342.52304, 229.90894, 1669.7753][200.54584, 249.0346, 1372.8766][340.71155, 281.14404, 1813.2948][253.66809, 181.25702, 1165.0908][374.3886, 357.46335, 1612.2246][291.25793, 284.5843, 1628.5575][254.72772, 342.28497, 1599.6667][320.75378, 342.9902, 1648.2456][252.39917, 477.36548, 1594.5446][335.0409, 468.93146, 1672.4922][262.66714, 577.9769, 1702.6246][311.5568, 571.6876, 1750.6606]
63[305.95007, 130.55101, 1651.4001][293.88373, 227.10779, 1647.2246][244.351, 223.94843, 1617.1884][341.6424, 230.15398, 1677.2609][190.50114, 251.67473, 1402.0132][346.307, 287.0047, 1827.2012][252.91037, 183.71057, 1204.2772][374.50186, 355.04166, 1587.0052][291.05423, 284.8122, 1636.8817][254.21611, 342.56458, 1606.1227][321.31915, 343.91943, 1646.955][251.96289, 477.9813, 1594.4404][342.13385, 467.47495, 1680.4309][262.16492, 577.81006, 1704.8605][316.34647, 572.7997, 1745.1418]
64[305.33566, 131.02179, 1647.726][292.41647, 227.04558, 1662.9275][242.7403, 224.88162, 1642.0763][340.86234, 229.15593, 1683.7787][183.77242, 254.01564, 1432.364][351.35245, 291.63324, 1822.648][253.93073, 195.13947, 1250.4269][371.6973, 349.072, 1566.9552][290.73975, 284.2426, 1643.957][255.08878, 342.30115, 1611.024][322.3807, 343.24097, 1638.9491][261.04446, 479.98666, 1579.974][341.7273, 470.98727, 1653.947][262.82178, 577.7632, 1700.7059][319.12527, 577.62634, 1723.3661]
65[304.83325, 131.18495, 1646.3334][292.04465, 226.78804, 1670.2335][242.5794, 224.93596, 1657.4852][340.76053, 228.61206, 1682.9818][180.94548, 255.64445, 1449.0278][349.1558, 288.075, 1821.4185][245.24002, 205.01587, 1292.4784][368.4238, 341.00797, 1541.2012][290.30716, 284.04016, 1648.2687][253.4657, 342.15915, 1617.4917][323.20187, 343.5111, 1635.116][260.6307, 477.4724, 1599.6583][339.77295, 473.3087, 1640.5427][263.365, 579.5559, 1702.9694][320.8326, 581.16547, 1710.2526]
66[304.08145, 130.91858, 1648.5825][292.21793, 226.60266, 1674.0673][242.4423, 224.75627, 1664.7306][341.44138, 228.42857, 1683.4039][178.66077, 258.13184, 1483.6476][355.90692, 288.33084, 1801.4299][240.90924, 209.29439, 1324.6295][368.14578, 330.17407, 1520.3678][290.29767, 283.74432, 1650.612][253.83728, 341.705, 1620.8616][322.54102, 343.35532, 1633.4521][261.92264, 471.76062, 1637.6394][344.70395, 479.7307, 1581.5598][264.26364, 579.7811, 1712.8705][325.73892, 582.68, 1680.897]
67[303.47122, 130.74104, 1649.0736][291.92514, 225.8012, 1681.095][241.71954, 223.9984, 1683.6127][342.28137, 227.60939, 1678.5773][170.04918, 264.8106, 1574.1368][363.74075, 286.69324, 1764.4807][234.69719, 217.56725, 1358.1583][366.5469, 319.2813, 1493.2605][289.11932, 284.5117, 1652.1506][251.73535, 343.955, 1624.8752][320.76248, 346.6798, 1621.5374][258.29468, 474.8822, 1635.3579][330.25653, 477.4456, 1633.3788][263.3443, 582.8609, 1711.2617][320.60764, 581.969, 1720.5795]
68[302.89343, 130.66982, 1648.7582][290.26477, 224.89429, 1687.0475][238.47523, 224.26923, 1698.5925][342.768, 225.52797, 1675.5024][169.53484, 267.50058, 1581.2343][369.00287, 285.22455, 1751.3013][226.7687, 234.21944, 1387.9646][360.98727, 304.93176, 1480.244][288.0234, 284.45032, 1655.0006][250.52261, 345.37256, 1630.4843][321.19238, 347.35324, 1615.4232][256.0514, 476.05652, 1639.8442][328.03296, 472.92816, 1661.5414][263.65262, 583.1523, 1717.5018][319.31378, 578.1069, 1741.1184]
69[301.52628, 130.41443, 1648.3754][289.49957, 223.82794, 1676.6572][238.51645, 223.91089, 1700.7965][341.9722, 223.74257, 1652.518][169.48819, 268.30927, 1596.2186][373.47983, 285.38995, 1721.2561][219.32948, 248.77563, 1410.9175][358.9976, 296.8771, 1476.9352][287.54324, 283.80304, 1652.2167][249.91905, 344.42886, 1644.0922][321.85837, 346.7527, 1611.4601][254.8312, 475.40256, 1644.476][324.63824, 474.82938, 1646.4104][263.34595, 582.5989, 1720.7759][317.99536, 575.8058, 1744.6522]
70[301.4699, 130.40625, 1648.2792][289.4566, 222.87222, 1670.6553][238.2858, 223.20357, 1699.5967][342.43155, 222.5292, 1641.7139][168.59087, 267.3495, 1605.0269][376.21057, 285.15018, 1701.1439][215.60036, 263.57883, 1436.1422][355.42224, 287.8638, 1464.156][287.6715, 283.72183, 1648.7825][250.1637, 344.9729, 1646.4797][322.38187, 347.47235, 1607.3396][254.41827, 475.48608, 1648.9136][331.69833, 475.9818, 1639.8289][263.79422, 582.333, 1725.3086][316.69104, 573.4103, 1748.8899]
71[301.33038, 130.52426, 1647.8994][289.65573, 222.5288, 1668.0693][238.7933, 223.59525, 1700.5568][342.53873, 221.41997, 1635.5819][172.08636, 267.41855, 1638.102][381.27716, 285.73816, 1657.1101][210.1088, 277.37103, 1466.3533][348.27197, 273.53436, 1435.6102][288.2208, 281.99176, 1643.2786][251.35965, 342.41257, 1640.3108][323.09137, 344.1637, 1596.6648][254.18607, 472.09137, 1652.2587][329.0686, 474.39246, 1625.8071][264.19617, 578.8043, 1728.9236][317.8853, 571.10583, 1741.7366]
72[301.0173, 130.55997, 1647.0001][289.63748, 221.7365, 1664.0061][239.15814, 223.00911, 1702.2563][342.49216, 220.40399, 1625.7559][179.62527, 266.53745, 1687.208][388.81036, 288.2779, 1620.1669][207.44449, 286.65405, 1495.5074][344.586, 261.66074, 1414.5846][288.0726, 280.57504, 1639.8218][250.41644, 340.16602, 1642.0206][323.70203, 342.2177, 1589.2543][253.68701, 470.0324, 1651.9943][327.9567, 470.0541, 1635.897][264.21243, 576.4737, 1730.0519][318.47885, 569.74115, 1741.2875]
73[299.59998, 130.4581, 1644.9521][288.79404, 221.45126, 1660.8555][238.78317, 223.50272, 1701.6128][341.32117, 219.29659, 1620.0981][184.70706, 275.54657, 1711.5906][395.90393, 284.43628, 1591.7754][202.72287, 296.40305, 1522.5105][343.19034, 250.58032, 1396.87][287.84552, 280.22296, 1635.9432][250.84232, 340.23007, 1639.3423][324.18182, 341.41534, 1582.7197][247.13263, 474.62808, 1617.5049][327.88483, 468.8129, 1634.4912][263.22504, 577.4181, 1713.9613][319.35724, 569.0449, 1738.6667]
74[298.22086, 130.163, 1643.6783][288.09015, 221.22159, 1659.532][238.5653, 223.60573, 1702.0171][340.21732, 218.71216, 1617.0469][192.18994, 270.194, 1750.7374][398.97232, 283.00894, 1575.6184][197.92108, 301.75385, 1550.0288][340.29678, 240.4711, 1382.5917][287.33923, 279.61774, 1634.3401][250.40903, 339.4209, 1639.04][324.0894, 340.27972, 1579.2563][246.96182, 474.09973, 1614.9877][327.73923, 463.58832, 1653.344][263.30103, 576.44385, 1713.509][320.06314, 568.7513, 1736.8834]
75[297.10373, 129.86234, 1642.2966][287.77948, 221.40182, 1658.5889][237.69002, 223.55971, 1700.3502][340.4565, 219.13248, 1616.8275][194.52365, 270.36563, 1763.917][400.7976, 281.68875, 1559.9836][198.8189, 304.61328, 1572.1323][338.72552, 228.37941, 1355.1531][287.0532, 280.39658, 1635.2369][250.68704, 340.5442, 1640.5581][323.21484, 341.67728, 1583.2119][247.71423, 476.00604, 1609.1658][326.9088, 465.31335, 1653.9338][263.4349, 579.26904, 1705.5566][319.14896, 571.63495, 1732.6482]
76[296.48303, 129.86821, 1641.6115][289.49646, 221.32243, 1651.8871][237.4954, 222.56284, 1698.5055][344.51782, 220.00998, 1605.2687][201.20299, 266.32303, 1786.5992][402.51706, 281.8407, 1515.4152][197.89078, 307.21057, 1591.6664][331.3658, 216.66371, 1319.6821][287.8572, 280.91888, 1631.7887][251.25903, 340.60806, 1642.0057][322.43384, 343.4488, 1581.3749][250.80936, 475.6687, 1612.5248][327.31036, 466.49005, 1654.8081][264.44092, 580.27075, 1703.9895][319.53333, 574.5475, 1726.29]
77[295.23447, 129.46056, 1639.166][292.04764, 222.19519, 1647.2542][237.34381, 221.46983, 1691.8926][349.79886, 222.96094, 1602.6157][210.39218, 261.09305, 1827.108][402.97906, 283.2832, 1473.3964][194.25406, 306.90533, 1600.4907][329.2455, 207.57494, 1290.8727][287.93735, 281.32153, 1622.2322][248.12375, 339.75778, 1625.2076][320.54224, 344.93384, 1569.2128][251.99422, 472.12823, 1626.3848][334.47858, 468.9332, 1638.9469][266.25415, 575.70764, 1718.9263][320.83893, 576.7526, 1712.9364]
78[293.74646, 128.84204, 1636.727][292.7733, 221.56665, 1637.213][236.76408, 220.02196, 1682.7355][351.98624, 223.19969, 1591.6906][215.46817, 260.90237, 1849.4819][405.6228, 277.09512, 1433.0197][193.73169, 308.68332, 1618.5967][327.2738, 195.8612, 1259.784][287.8196, 281.75513, 1612.7611][246.71976, 340.66394, 1616.5503][320.01022, 347.04312, 1560.0681][223.43668, 437.01312, 1570.1829][330.77917, 471.91043, 1630.4933][266.37488, 565.5769, 1740.4425][319.33514, 580.0228, 1706.0095]
79[292.7292, 128.47723, 1634.8944][294.4736, 220.92566, 1628.0323][239.91681, 218.9986, 1679.6904][352.60608, 222.97903, 1576.3743][217.21463, 264.50986, 1861.8558][405.02313, 271.8118, 1398.0348][192.06424, 313.3993, 1635.5502][324.41568, 185.11792, 1221.6072][288.67697, 282.21625, 1604.8043][247.21396, 341.53952, 1614.0894][319.6962, 349.2329, 1549.0632][215.71283, 477.68503, 1568.6959][321.53543, 476.67786, 1612.5753][247.1265, 574.9043, 1686.1415][316.47012, 583.2821, 1698.05]
80[292.34802, 128.28162, 1632.3524][296.65167, 220.88477, 1611.7107][243.40048, 217.55327, 1667.5387][353.7244, 224.45534, 1555.8827][223.8442, 267.0139, 1837.6578][402.0509, 261.19925, 1354.3346][191.49887, 319.83673, 1658.6826][320.51236, 173.67976, 1178.1406][289.73578, 282.74692, 1595.12][247.89569, 340.95633, 1614.1362][319.0585, 351.09113, 1542.9224][221.55377, 472.74957, 1607.9357][318.91772, 481.2115, 1595.1201][253.444, 571.5729, 1712.0417][315.03375, 586.2804, 1688.74]
81[291.5113, 127.59175, 1625.0789][297.25012, 222.41095, 1599.8615][243.87766, 218.3826, 1661.8743][354.92697, 226.76416, 1537.8486][229.29321, 267.78235, 1819.4946][399.25925, 253.8117, 1309.1764][191.94661, 323.18274, 1683.2107][314.56445, 161.10608, 1135.1227][290.14062, 284.00256, 1588.5084][248.83675, 340.89462, 1616.0642][318.74548, 352.34985, 1538.2466][230.13316, 448.2038, 1622.2247][320.79413, 478.4591, 1611.2595][264.95618, 561.5506, 1740.7433][314.4439, 587.6606, 1687.166]
82[291.66507, 127.438835, 1623.0698][297.26505, 222.78484, 1600.4834][244.7438, 218.93834, 1666.8282][354.3289, 226.964, 1534.1385][230.77136, 268.33398, 1819.1971][395.12262, 247.04402, 1285.237][192.83057, 328.10162, 1699.3003][310.18054, 152.49973, 1088.3907][290.23346, 284.3006, 1589.7527][249.82811, 341.031, 1620.3296][318.1724, 352.57587, 1537.7144][236.34448, 439.5242, 1611.6383][310.49738, 481.09735, 1598.3616][264.42175, 560.0405, 1738.1095][309.9884, 591.2086, 1674.0144]
83[291.38586, 126.94421, 1618.784][298.25546, 223.67006, 1596.3702][247.8624, 219.3776, 1664.884][353.1681, 228.3475, 1527.8564][232.09772, 269.44287, 1812.3068][387.42395, 240.01425, 1270.204][195.21774, 331.26047, 1724.7488][309.93866, 147.56625, 1046.82][290.6187, 284.69214, 1586.8014][250.07669, 340.2923, 1621.2263][317.58484, 352.97067, 1533.2388][245.77054, 473.24286, 1620.2078][311.33902, 482.95685, 1588.8983][262.5609, 574.29333, 1721.821][310.72952, 593.34076, 1665.4988]
84[291.37042, 126.98498, 1618.1233][298.35764, 224.83194, 1592.5627][248.98985, 220.20572, 1660.3519][352.11508, 229.86952, 1524.7736][233.69453, 270.31882, 1807.7104][378.9398, 236.82082, 1255.9534][212.5404, 350.2081, 1692.3274][303.34302, 147.228, 1009.1928][290.38422, 285.3494, 1583.5281][249.62256, 340.1203, 1618.8572][316.912, 353.37598, 1530.1296][235.79108, 472.445, 1618.6399][312.1029, 484.17255, 1583.0457][278.9405, 551.91425, 1772.1425][310.6058, 595.2879, 1658.044]
85[291.65912, 127.05551, 1615.5171][293.5578, 224.73193, 1581.4518][246.75507, 221.75732, 1652.8661][344.78745, 227.9879, 1510.0375][235.31293, 267.6089, 1805.291][370.37805, 237.66187, 1240.508][208.36203, 350.0096, 1684.6425][301.90723, 152.20369, 972.5746][287.66055, 284.94635, 1574.965][249.9902, 340.03955, 1616.3385][315.43585, 351.63177, 1520.6178][237.1204, 473.3179, 1611.7891][318.8096, 479.997, 1589.3232][272.59766, 559.8137, 1751.8425][310.398, 594.4469, 1650.5839]
86[295.55148, 126.52291, 1587.8911][287.5434, 220.88031, 1555.2488][241.1333, 218.74367, 1641.9663][339.43457, 223.26929, 1468.5312][233.39264, 264.31467, 1796.3724][363.15576, 241.90569, 1218.2463][205.77269, 347.60568, 1680.6073][306.03992, 166.3958, 953.7058][284.13602, 283.51297, 1558.008][250.38994, 340.16345, 1617.0532][313.36243, 352.11588, 1504.4814][238.80368, 472.30994, 1620.3042][310.5135, 488.70172, 1539.8625][270.52444, 562.9142, 1748.7437][306.2885, 599.77, 1623.8248]
87[300.7099, 124.99808, 1573.3013][286.7979, 220.97316, 1548.2308][240.18945, 218.62805, 1638.427][339.17288, 223.60843, 1458.0347][232.81628, 265.01727, 1785.2825][355.34933, 242.49994, 1185.5396][206.8275, 348.196, 1689.6217][304.29205, 170.17465, 927.6935][283.64642, 282.8954, 1552.7968][250.28296, 338.4801, 1615.4763][313.08746, 350.89215, 1499.249][245.00433, 473.6131, 1603.2616][311.50143, 484.94897, 1550.9532][268.1763, 565.0359, 1737.7524][306.41293, 599.1969, 1623.0336]
88[302.73145, 122.6479, 1564.1565][287.27817, 223.80096, 1541.1483][240.70059, 221.47433, 1628.1117][339.42664, 226.40588, 1454.1849][232.90443, 268.17218, 1769.6023][345.78534, 257.71652, 1182.2902][195.59412, 392.24454, 1557.5155][305.7327, 167.96863, 902.35065][283.96463, 286.5592, 1544.4291][250.1167, 343.09244, 1604.3427][313.53418, 355.46292, 1491.077][247.09239, 473.52548, 1629.703][312.54575, 489.745, 1544.5912][266.57822, 571.6222, 1739.1002][306.9748, 604.6856, 1615.2208]
89[300.81662, 117.96443, 1548.911][308.01355, 208.47282, 1450.829][275.00818, 193.66937, 1553.5847][346.05054, 225.53305, 1348.0732][229.76508, 262.18332, 1753.4321][356.16025, 259.08398, 1186.4698][188.31483, 382.02155, 1555.7551][321.3645, 167.2486, 896.62555][293.83493, 279.55896, 1498.943][258.76077, 329.52496, 1621.9653][304.5319, 364.62134, 1472.1487][254.3074, 458.8723, 1646.3802][297.28076, 504.5853, 1504.7227][273.4693, 559.2212, 1747.445][298.59738, 615.7146, 1594.6771]
90[300.9221, 120.457954, 1550.8705][307.8566, 206.2907, 1451.9037][275.6615, 191.50972, 1563.7517][345.42606, 223.53908, 1340.0557][235.40782, 258.1617, 1753.3699][356.23715, 259.6608, 1178.7749][189.56212, 375.29755, 1565.1387][321.92722, 166.88062, 887.8131][293.64532, 277.33105, 1498.2925][259.799, 327.40207, 1623.396][302.97647, 362.60062, 1465.9666][263.4714, 454.77313, 1660.3236][296.04144, 502.0311, 1504.0769][276.13373, 558.1895, 1750.1981][298.26624, 616.7473, 1583.4727]
91[302.60138, 118.63626, 1545.6302][307.9708, 202.78522, 1434.4093][274.12067, 185.59274, 1559.1136][348.26706, 223.25168, 1309.705][237.64981, 250.31557, 1739.5051][353.72232, 266.6486, 1154.8687][199.44003, 333.50845, 1545.1793][322.00238, 170.26277, 883.1061][294.48758, 272.272, 1485.2722][263.63797, 321.0964, 1610.1663][302.0056, 354.84448, 1462.104][268.73373, 449.6617, 1646.6815][296.1566, 494.1115, 1503.8698][275.60202, 553.1977, 1741.4369][297.82578, 610.59186, 1578.945]
92[302.03705, 116.278404, 1538.666][307.55948, 203.17773, 1439.7059][273.41568, 186.45744, 1560.0295][347.93088, 222.94768, 1319.3823][239.11198, 250.14311, 1727.5746][350.17163, 263.08646, 1143.6283][199.31, 335.68353, 1558.8699][315.55316, 164.07362, 883.0803][294.02997, 271.72324, 1488.7662][262.36346, 319.95096, 1611.3359][302.27158, 353.4403, 1464.3171][264.68884, 448.24005, 1648.8733][297.98627, 491.58752, 1510.3611][275.45874, 554.4489, 1732.1266][298.55725, 609.3338, 1579.8058]
93[299.7917, 113.05623, 1529.0941][309.92917, 203.24773, 1448.7242][275.80087, 186.89413, 1560.8087][349.7812, 222.34401, 1336.6398][242.15282, 237.27899, 1638.884][344.8503, 259.65836, 1137.4863][200.42572, 342.19974, 1586.1793][305.45755, 162.01636, 888.68835][295.32727, 270.01187, 1495.1853][261.82117, 316.93793, 1613.0527][303.31155, 350.10187, 1470.24][263.6407, 447.20786, 1637.4878][300.10242, 486.3501, 1523.4448][273.95358, 554.85724, 1718.3292][297.90433, 604.2645, 1589.8098]
94[300.5364, 114.55171, 1534.5221][304.79285, 202.56131, 1440.7893][268.34277, 186.55263, 1543.6765][346.84906, 221.03217, 1337.9021][244.0054, 238.74542, 1638.3678][342.16452, 257.3674, 1136.3597][202.58585, 342.44266, 1582.8646][301.80862, 153.96375, 894.80927][292.96198, 269.42227, 1492.3812][260.0021, 316.36096, 1611.378][305.84274, 348.6798, 1476.5682][266.62222, 447.0785, 1632.7896][304.15942, 483.78113, 1532.8054][272.21652, 556.7943, 1707.5253][299.5071, 601.4806, 1597.5969]
95[299.80188, 114.98377, 1535.6151][303.7634, 202.28784, 1427.6454][267.2429, 186.67668, 1516.0426][345.10498, 219.95985, 1339.2482][245.1381, 239.96585, 1637.4575][342.3892, 255.06737, 1140.8966][209.81175, 326.7547, 1646.3376][306.5152, 169.231, 924.619][292.31888, 269.80566, 1484.3087][258.0436, 316.77444, 1603.799][307.40076, 349.26642, 1478.1451][265.56024, 447.61966, 1628.6866][306.14975, 485.03012, 1530.9535][273.212, 559.1441, 1697.2405][300.40237, 600.9823, 1602.0618]
96[299.93527, 116.66752, 1539.5253][302.93192, 203.05899, 1433.432][265.4932, 188.62686, 1516.2472][344.96188, 219.261, 1350.6168][244.35037, 242.35521, 1638.566][344.56598, 250.54124, 1141.6748][214.94052, 317.03058, 1772.3047][297.3077, 163.77362, 932.2352][291.78937, 270.1168, 1486.1438][256.44418, 317.77423, 1598.982][308.4064, 348.59116, 1478.7291][264.39645, 449.22876, 1621.1296][308.08417, 484.52826, 1529.8557][273.9883, 561.1698, 1688.7961][301.33597, 599.96326, 1602.3726]
97[299.99597, 117.23071, 1540.5289][299.26477, 205.42694, 1456.9207][256.7235, 193.55374, 1536.1842][346.70126, 218.6664, 1377.6571][241.80414, 250.40454, 1653.8652][354.98627, 244.02632, 1160.6046][215.89536, 323.4165, 1776.2162][287.08594, 156.08884, 943.2465][290.14877, 270.90002, 1497.8579][253.9816, 320.68442, 1593.175][311.0716, 345.9888, 1484.4153][255.74774, 456.01398, 1592.2136][312.1093, 482.9983, 1528.0012][272.0973, 565.06213, 1674.8197][303.73453, 596.7429, 1606.3523]
98[299.44876, 117.13932, 1540.5316][298.49353, 209.41554, 1471.8453][253.30722, 198.27248, 1548.4059][348.6387, 221.78146, 1395.2848][241.42142, 258.09134, 1665.0394][359.54425, 241.4286, 1175.7598][218.83884, 328.23566, 1779.384][281.72266, 163.7738, 985.0588][289.92508, 272.38522, 1506.3899][253.02457, 321.37704, 1591.8896][312.42117, 344.44916, 1489.9792][249.04068, 458.61444, 1576.8813][312.87195, 480.71136, 1535.0537][270.7379, 563.7023, 1674.5217][304.16205, 592.94714, 1617.0797]
99[298.4552, 118.65093, 1546.6][300.29822, 212.65706, 1498.9401][253.38544, 203.31311, 1560.9203][351.25797, 222.80705, 1436.9598][240.75041, 265.26392, 1678.7096][367.83713, 242.94547, 1203.383][221.74493, 344.311, 1772.3949][283.61478, 168.84624, 1022.60425][291.08954, 275.18814, 1521.8953][251.19794, 326.32037, 1587.0839][314.85126, 345.93774, 1502.6171][244.15863, 465.3034, 1560.2422][318.23065, 477.26285, 1565.3395][267.12888, 569.1304, 1663.7065][306.68198, 594.01825, 1623.6965]
100[297.61887, 119.12534, 1550.5106][301.88223, 214.46848, 1513.0249][253.60716, 205.3624, 1564.397][353.55072, 224.21466, 1461.6528][240.21008, 261.26987, 1693.3352][372.90384, 246.31218, 1220.2731][224.31943, 351.2292, 1760.248][282.8791, 177.09064, 1065.84][292.20355, 277.17343, 1532.6112][250.14165, 329.27588, 1587.904][316.93307, 347.74066, 1516.491][239.01886, 468.62808, 1557.1322][318.5809, 477.74658, 1580.4698][263.2464, 571.86646, 1662.5096][309.39508, 595.44745, 1632.4922]
101[297.78345, 118.3429, 1548.6714][303.31772, 215.5528, 1526.8331][254.11707, 206.63531, 1569.3087][355.33417, 224.98062, 1484.3575][239.63878, 263.63156, 1694.6156][384.48706, 255.99709, 1255.1571][225.43466, 351.12103, 1760.5618][292.5444, 190.37462, 1128.0153][293.10706, 278.94855, 1542.6152][248.74829, 332.3648, 1588.7617][318.82352, 350.10132, 1528.033][235.5765, 468.03387, 1584.3962][318.8571, 481.26855, 1581.6407][264.68674, 569.04193, 1688.7428][310.74673, 598.2311, 1636.0437]
102[296.47278, 119.44636, 1559.7019][304.73203, 220.01715, 1543.0702][255.60637, 211.18384, 1579.8835][356.259, 229.28224, 1506.2568][237.17108, 264.08963, 1696.1279][393.95813, 266.3911, 1293.9275][226.29398, 351.22284, 1755.4043][299.04977, 210.6829, 1178.124][294.20776, 282.74094, 1554.609][247.84937, 335.85754, 1593.6239][321.11313, 353.53354, 1538.6718][239.91516, 466.50397, 1621.3103][323.3534, 491.8853, 1548.9172][265.15735, 573.2966, 1699.2085][313.42493, 600.82556, 1636.855]
103[295.85034, 120.654175, 1568.6884][304.84985, 225.57474, 1556.5498][255.3861, 216.97278, 1592.9335][356.68134, 234.58847, 1520.1661][231.60516, 269.03668, 1707.1082][401.97916, 273.68707, 1332.543][227.40096, 351.62512, 1752.8851][301.98126, 221.05429, 1226.3065][294.27747, 289.40912, 1564.8894][248.59601, 344.2959, 1599.4982][320.2345, 361.11847, 1546.9598][244.61815, 473.70514, 1629.9893][323.6928, 498.23883, 1557.5118][267.5605, 582.6748, 1696.3972][313.58524, 603.3262, 1653.7108]
104[295.7621, 121.799995, 1574.346][301.07153, 226.67058, 1575.2948][247.66257, 219.65062, 1617.1738][357.39777, 234.07397, 1533.4158][226.58589, 269.10593, 1731.9242][406.71152, 279.85422, 1379.2281][227.04286, 355.14203, 1742.5851][308.16953, 228.07547, 1274.3201][292.51126, 287.8038, 1573.5848][248.45056, 342.2439, 1599.6256][320.68958, 356.14157, 1544.1241][243.27408, 470.65118, 1635.5856][324.5161, 487.4558, 1587.3326][267.12033, 580.0021, 1698.8754][315.58664, 597.6759, 1662.1476]
105[295.84494, 122.67442, 1577.6287][295.30106, 226.47185, 1599.9812][241.89847, 223.33098, 1644.1145][351.73328, 229.79091, 1555.8479][214.31879, 272.6076, 1750.516][408.89935, 283.41867, 1423.7968][212.70901, 324.70178, 1574.7676][313.52478, 237.31648, 1310.688][289.73648, 286.07657, 1585.6582][248.63425, 342.51697, 1599.9966][320.82343, 351.1768, 1542.6738][242.8791, 470.8565, 1635.8973][324.27243, 484.22217, 1578.1805][267.51797, 580.599, 1696.9355][316.7046, 595.8073, 1651.1598]
106[295.83826, 123.17355, 1580.649][292.03806, 226.75754, 1612.6016][238.16888, 225.64992, 1656.2559][348.9049, 227.92677, 1568.9473][208.47308, 275.85672, 1756.4492][405.72876, 288.57333, 1471.3201][209.37662, 304.57123, 1459.9478][316.6611, 244.06711, 1349.7253][288.38535, 286.47452, 1594.9531][249.64618, 344.72952, 1604.8916][320.90192, 350.42575, 1549.7178][242.67319, 473.64703, 1633.537][325.12143, 482.33118, 1587.068][267.9297, 583.02783, 1695.062][317.65463, 594.6057, 1655.1528]
107[296.30252, 124.71062, 1587.9261][290.2069, 225.79938, 1624.9885][237.32077, 225.97186, 1665.5396][345.80014, 225.61804, 1584.4375][202.00836, 280.8507, 1729.5535][402.2458, 289.19028, 1492.2484][212.86574, 295.9689, 1437.2546][318.5135, 249.32545, 1379.1681][287.45312, 286.03488, 1601.9744][249.75262, 346.17337, 1604.7856][320.645, 349.94092, 1553.1348][247.16272, 475.35645, 1633.2167][324.30814, 481.6128, 1590.6104][269.79968, 584.93774, 1695.6799][318.10733, 592.9946, 1661.5171]
108[296.76242, 125.695625, 1592.1184][289.65213, 224.82397, 1635.0436][237.5202, 225.58223, 1672.6335][344.23755, 224.03004, 1597.4536][201.22841, 284.44324, 1717.8827][395.4057, 289.24948, 1522.1218][218.62564, 284.21982, 1411.1575][318.2501, 254.48543, 1399.8188][287.16824, 285.63052, 1606.8785][250.07794, 347.26392, 1602.6129][320.17468, 349.99078, 1554.8141][243.96469, 470.94632, 1660.7482][329.8613, 481.75696, 1589.4021][269.31165, 585.04645, 1695.5304][319.102, 590.3126, 1669.4617]
109[297.38092, 126.098946, 1594.2815][290.44623, 224.53593, 1636.9164][238.90564, 224.78793, 1670.8033][344.16586, 224.27327, 1603.0294][195.49425, 285.01718, 1677.682][391.3988, 290.38693, 1541.2672][221.9047, 274.0241, 1388.3444][319.85217, 259.64246, 1415.4408][287.58536, 284.9336, 1608.2657][250.3119, 346.02612, 1601.2836][319.8839, 349.05997, 1557.9467][244.2442, 470.2353, 1657.4661][329.85486, 479.33524, 1599.108][269.22482, 584.42365, 1693.2374][318.9098, 589.7295, 1670.7429]
110[298.0409, 126.40878, 1596.4718][291.53583, 224.48903, 1640.7375][240.2131, 224.13773, 1671.4562][344.817, 224.85376, 1610.0189][191.81244, 283.5619, 1631.1426][390.2384, 291.03598, 1550.1024][227.96698, 257.79477, 1363.733][321.16376, 262.14615, 1439.7188][288.13284, 284.91183, 1611.0573][250.20901, 345.8467, 1601.1458][319.866, 349.40326, 1561.6082][243.92892, 471.17288, 1651.3423][321.07953, 478.4127, 1609.5186][269.5631, 583.896, 1694.3994][319.1918, 590.936, 1672.4938]
111[298.63083, 126.69238, 1598.5476][292.2362, 222.21999, 1645.2805][242.0373, 221.25922, 1668.4304][343.86792, 223.20816, 1622.1306][189.29921, 280.893, 1607.821][347.1918, 262.0777, 1518.1183][232.32962, 241.23412, 1340.4006][385.49463, 294.91797, 1645.398][288.5558, 283.18176, 1614.7961][250.31781, 344.64484, 1599.5596][319.81863, 348.37003, 1569.064][240.61801, 478.76715, 1597.5857][323.10773, 477.4532, 1613.3552][265.55585, 585.6831, 1676.8038][319.51303, 589.3462, 1677.6592]
112[299.35907, 127.40994, 1601.078][292.61514, 221.52177, 1643.2642][242.81165, 220.40587, 1664.8322][343.7434, 222.66736, 1621.6962][186.65881, 261.16415, 1542.9609][348.5755, 263.963, 1527.5282][236.53284, 222.34534, 1311.1191][351.61053, 270.508, 1545.6948][288.9355, 282.8822, 1614.2202][250.768, 344.601, 1599.4973][320.10025, 348.41574, 1570.8552][239.68427, 480.1244, 1587.3458][324.38715, 476.95282, 1617.1116][264.49313, 585.77893, 1673.3127][319.90222, 588.7655, 1680.7532]
113[299.88715, 127.44751, 1603.4785][293.05054, 221.06264, 1646.5657][243.69931, 219.7679, 1666.4077][343.6057, 222.38896, 1626.7236][183.55223, 258.71405, 1525.5844][372.1832, 286.9069, 1627.5602][243.09668, 199.17227, 1284.1299][338.3784, 264.1428, 1484.4496][289.2228, 282.60352, 1616.898][250.70792, 344.49005, 1600.5956][320.38278, 348.43317, 1573.8649][238.81198, 480.74017, 1582.6624][325.01624, 476.5171, 1621.5441][262.76917, 585.34436, 1673.9843][320.15787, 588.1124, 1685.152]
114[300.14478, 127.43493, 1605.5632][294.0557, 218.8774, 1646.7207][245.19899, 216.95729, 1663.1392][343.89645, 220.83617, 1630.3022][185.04457, 251.71606, 1493.756][372.6829, 282.9309, 1648.0854][249.40057, 177.41026, 1256.9944][336.67786, 262.21652, 1489.2852][289.73254, 281.07132, 1618.3193][250.58308, 343.23364, 1601.1553][320.42044, 347.77298, 1578.6807][238.61719, 479.79108, 1581.6333][325.69147, 476.16577, 1623.5006][262.7152, 583.1273, 1678.1335][319.32175, 588.06714, 1685.8096]
115[301.71637, 127.286194, 1609.963][294.34177, 219.96996, 1639.1896][245.0263, 216.99535, 1640.5339][343.7382, 222.94946, 1637.8452][185.48341, 242.92892, 1463.4923][371.66876, 287.48987, 1668.3884][251.96988, 157.58313, 1244.6981][341.22366, 264.6638, 1492.0505][290.16718, 282.12698, 1619.1277][250.43848, 343.63098, 1600.0084][321.37903, 348.05896, 1598.1232][235.85825, 480.91208, 1573.8998][327.32587, 478.5982, 1621.8369][260.97433, 583.1361, 1674.9875][318.9091, 590.1011, 1685.152]
116[302.6831, 126.42347, 1613.4154][292.56543, 219.40329, 1632.1332][242.19176, 216.62451, 1629.0063][342.74643, 222.17145, 1635.26][187.79292, 231.67058, 1429.7692][364.15692, 279.22247, 1682.4497][261.16367, 130.86859, 1229.5221][346.76892, 266.71854, 1505.017][289.01385, 281.6232, 1616.1652][250.05092, 343.3051, 1598.0458][320.63696, 346.85986, 1602.3485][234.69276, 481.29446, 1566.8405][328.65106, 478.5868, 1615.927][258.9914, 584.3086, 1667.0577][318.75647, 587.3971, 1690.006]
117[302.30725, 125.647446, 1611.7402][288.9708, 218.7551, 1628.6324][235.53824, 217.03238, 1621.2957][341.92407, 220.46236, 1635.9692][191.24489, 222.5651, 1401.9469][357.94153, 272.7116, 1711.3135][258.51776, 120.17785, 1224.3798][347.9799, 265.21164, 1516.7877][287.0373, 280.80652, 1613.7372][249.20624, 343.2386, 1594.0023][320.71286, 344.78494, 1603.6815][234.46594, 481.57056, 1563.4185][324.09857, 471.1227, 1649.4177][257.45514, 584.91974, 1663.8862][317.45483, 582.51074, 1707.4523]
118[303.4107, 124.90355, 1616.1128][287.8757, 218.01462, 1626.5653][234.18301, 216.29338, 1614.7435][340.79355, 219.71103, 1638.3871][196.23239, 203.7042, 1377.3555][355.55676, 272.65094, 1723.3041][262.54895, 99.24217, 1212.2847][351.56146, 263.9718, 1535.3527][286.19128, 279.49094, 1611.3466][247.99828, 341.58786, 1588.232][320.59216, 342.68585, 1604.0236][238.20941, 457.08765, 1565.4684][324.76477, 469.79517, 1645.9564][262.795, 577.93835, 1686.2412][319.22366, 577.8312, 1718.4398]
119[302.821, 124.54411, 1613.5847][289.35782, 216.77748, 1617.36][236.06758, 214.275, 1595.1168][341.20215, 219.21208, 1639.6031][202.8565, 186.22522, 1353.5787][353.81085, 269.4289, 1708.6456][270.7772, 65.550766, 1190.9181][354.55496, 270.80444, 1551.108][287.38574, 277.58942, 1601.5497][249.8024, 339.08743, 1571.1302][320.2968, 340.13086, 1600.3485][240.58218, 457.90106, 1566.633][320.07925, 441.35715, 1653.5398][262.92044, 576.74603, 1689.0712][320.67526, 561.80457, 1726.3661]
120[302.63147, 121.625824, 1608.7065][290.65384, 215.60626, 1609.9209][237.8503, 212.41858, 1580.1727][341.54138, 218.67828, 1639.6691][210.8501, 173.70526, 1343.8851][351.59988, 262.18823, 1701.3014][272.6419, 53.30925, 1196.1608][359.89703, 271.9549, 1547.5942][288.2639, 276.71365, 1595.143][250.5571, 338.3868, 1560.7712][320.2374, 339.5268, 1599.9587][241.99753, 457.6186, 1564.8977][318.88016, 462.825, 1664.5006][263.58652, 575.27075, 1683.9357][319.9646, 569.444, 1739.3132]
121[298.09778, 116.23373, 1588.6824][291.4235, 213.7445, 1606.048][240.83383, 210.02649, 1571.9541][339.90994, 217.30797, 1640.1418][224.35104, 163.62286, 1340.2343][350.19305, 258.53915, 1699.1133][271.5885, 46.631134, 1203.6934][341.49942, 282.57333, 1553.3676][288.54227, 275.2945, 1591.7227][250.57622, 337.25516, 1554.1139][319.62204, 338.6491, 1600.6808][244.27475, 455.14783, 1565.9553][313.79404, 469.39124, 1621.8236][264.5185, 573.4965, 1678.1748][317.55997, 570.2623, 1725.1536]
122[299.0641, 116.69186, 1597.3983][292.87433, 211.88705, 1602.5157][243.85846, 206.86557, 1568.233][339.8369, 216.69818, 1636.7985][238.73463, 149.61035, 1345.1799][348.4107, 258.74393, 1696.7393][263.36194, 52.132782, 1237.0981][356.52872, 276.26663, 1555.8417][288.42383, 272.932, 1587.4902][247.9029, 333.442, 1547.7241][318.75876, 336.79242, 1597.2053][244.73746, 454.74713, 1559.972][315.50934, 463.90787, 1643.0922][264.60428, 572.9955, 1669.3944][317.37143, 567.0952, 1735.6411]
123[297.05536, 114.181786, 1614.1785][294.02814, 206.9656, 1592.0106][243.96024, 201.14304, 1549.5798][341.49646, 212.48587, 1634.4414][248.93408, 141.98434, 1343.6373][348.25702, 255.34464, 1697.3765][259.79, 58.20018, 1256.1252][354.56467, 274.1973, 1547.8433][288.8634, 267.68823, 1582.6768][244.98778, 327.22968, 1540.9551][320.72787, 330.9562, 1605.7307][243.28055, 457.82135, 1554.5731][319.8547, 457.2265, 1653.8436][262.997, 577.5447, 1661.9055][318.2994, 561.646, 1740.745]
124[296.68732, 112.770935, 1622.5972][290.85837, 199.5853, 1582.3127][244.14929, 195.50607, 1537.135][334.97424, 203.43806, 1627.4905][255.07596, 136.52805, 1346.1161][347.26776, 255.49066, 1694.4762][259.51642, 58.55867, 1272.3264][361.84567, 266.75354, 1542.1559][287.50754, 262.0555, 1577.0303][245.12943, 324.61734, 1534.2512][321.32123, 325.25858, 1609.2444][242.48062, 459.92627, 1547.0027][326.98642, 449.2495, 1668.5571][261.8218, 581.18713, 1653.5226][320.39783, 554.478, 1749.5249]
125[296.16666, 111.357346, 1624.8126][291.41272, 198.883, 1579.5253][243.71684, 194.83313, 1529.5796][336.1847, 202.6846, 1629.471][256.3674, 136.99088, 1348.4706][346.9278, 254.15576, 1695.0222][258.4906, 60.664474, 1282.469][358.9474, 272.78418, 1551.3125][288.1098, 260.81952, 1577.2142][245.41452, 322.93854, 1533.7372][322.17352, 322.93707, 1616.0692][242.67722, 458.8822, 1549.3156][326.54837, 447.03412, 1671.1709][260.5139, 580.0181, 1654.8965][320.71588, 551.2268, 1755.1823]
126[295.64062, 109.15068, 1626.3733][292.6322, 198.31879, 1576.5962][244.6286, 193.57181, 1524.4801][337.56375, 202.76198, 1628.7123][256.4975, 136.74826, 1349.812][346.22412, 253.09593, 1703.7993][256.2557, 62.48221, 1287.9397][366.85913, 267.51273, 1546.3502][288.43167, 259.73068, 1575.5226][244.84631, 320.78168, 1531.7482][321.52484, 321.64746, 1617.1498][241.46388, 458.08887, 1548.9983][326.58362, 445.91147, 1670.9264][257.10367, 568.32385, 1635.7633][320.7895, 550.54126, 1753.4941]
127[297.0886, 110.99936, 1620.4377][294.2508, 198.86081, 1573.759][245.35593, 193.1538, 1522.3236][340.05075, 204.20657, 1625.1945][257.54608, 137.14328, 1350.1682][345.49738, 252.45355, 1705.1122][253.65831, 63.973618, 1286.6959][372.68515, 263.7185, 1548.2069][288.80045, 259.83136, 1573.4506][244.19466, 319.56525, 1532.0024][320.50558, 322.02222, 1614.2817][235.7526, 459.131, 1532.2615][326.48825, 445.5459, 1672.7135][253.85565, 569.8924, 1619.9453][320.92877, 551.24255, 1750.4006]
128[297.6364, 110.238785, 1620.5475][293.8342, 199.29538, 1574.5697][245.17535, 193.2874, 1524.6984][339.50534, 204.93445, 1624.441][258.73123, 136.44397, 1348.9623][344.01602, 252.46986, 1709.2908][252.13423, 64.29529, 1284.925][371.69308, 264.25116, 1550.95][288.12448, 259.715, 1572.8546][243.89291, 318.6556, 1531.7894][319.02985, 321.79874, 1610.4896][239.03633, 438.9707, 1542.5804][327.38873, 449.7716, 1642.6442][259.6283, 580.87006, 1631.7698][320.69705, 551.4691, 1741.0896]
129[297.43347, 109.58499, 1616.5219][294.4714, 200.00562, 1574.4167][245.03033, 193.20013, 1524.8756][340.89594, 206.39587, 1623.9579][255.38004, 134.32532, 1339.6091][342.94836, 251.6403, 1709.754][250.52602, 65.08389, 1283.8876][371.57718, 264.20795, 1552.4655][288.05246, 259.87015, 1571.3036][243.55756, 317.75314, 1530.2493][317.8608, 322.08673, 1606.1316][236.34113, 455.1165, 1545.1981][325.96686, 447.49823, 1655.4495][254.34294, 570.31274, 1613.6592][320.19458, 552.263, 1739.7882]
130[297.85776, 109.57417, 1615.0696][293.96268, 200.10583, 1572.6227][245.26529, 193.6283, 1525.0907][339.8027, 206.20331, 1620.1547][248.4251, 130.739, 1325.6288][339.39752, 244.45923, 1697.8109][254.71616, 52.49643, 1268.7472][368.5208, 267.3569, 1550.9907][287.72217, 259.93692, 1569.9502][243.3122, 317.8413, 1530.2139][317.84604, 322.00433, 1604.3416][235.53085, 458.5351, 1522.459][325.6794, 446.7883, 1658.174][255.51929, 569.5228, 1610.3905][319.83948, 552.65686, 1737.6764]
131[300.45126, 110.51773, 1607.5111][293.50214, 195.40994, 1559.6101][249.4241, 190.34607, 1528.9895][335.8827, 200.27881, 1590.2307][236.34686, 132.41235, 1330.3207][330.59793, 238.69875, 1662.722][263.4028, 44.88472, 1261.8492][368.01276, 271.7296, 1548.3303][287.2846, 257.27774, 1563.3073][242.96088, 316.62387, 1540.4628][317.96158, 321.00906, 1593.546][232.52582, 446.3708, 1546.6268][325.5416, 446.73907, 1646.3765][260.84955, 576.83026, 1643.113][319.7803, 553.9282, 1723.216]
132[302.41037, 111.891815, 1602.3597][293.9044, 199.23215, 1554.0559][248.64162, 194.344, 1535.5857][338.10385, 204.0055, 1572.5261][226.4997, 142.43433, 1333.5247][323.91312, 229.36214, 1638.4619][270.63623, 43.822968, 1253.9591][362.22195, 272.55075, 1551.1349][287.74985, 259.47177, 1560.8986][242.86943, 316.2433, 1551.8013][319.648, 322.0686, 1583.6812][225.82109, 454.45673, 1541.2784][328.01013, 423.56238, 1609.0568][255.61539, 560.1841, 1638.2394][317.83563, 544.0589, 1704.9187]
133[303.3911, 113.157364, 1602.38][292.30627, 203.2652, 1556.3132][244.74988, 199.79617, 1543.3624][339.07773, 206.67694, 1569.264][213.32906, 154.00902, 1339.9824][321.87384, 219.60861, 1629.6552][274.05545, 52.18486, 1251.0741][360.2721, 276.49905, 1593.7563][288.12094, 263.9132, 1563.5311][241.0596, 321.79092, 1558.9615][326.2493, 326.18378, 1582.5365][225.12747, 459.79303, 1545.7618][331.96506, 454.92297, 1622.2019][254.03291, 564.56165, 1644.2131][321.82254, 562.7446, 1699.8182]
134[303.6074, 114.05133, 1602.9076][291.65506, 208.01093, 1579.8806][241.81982, 204.26558, 1560.2002][340.26398, 211.6641, 1599.561][205.65341, 162.4427, 1348.032][324.01648, 219.75215, 1630.1166][275.44907, 68.87962, 1263.3269][367.54187, 291.67368, 1699.8312][287.64673, 269.06964, 1576.2216][240.29266, 328.50253, 1555.538][326.01874, 332.28162, 1589.587][226.80017, 454.4646, 1536.2712][341.55597, 420.1879, 1642.2139][261.8304, 576.2137, 1653.2756][317.78827, 536.6376, 1703.2059]
135[303.87466, 115.04355, 1601.621][289.8469, 208.36943, 1579.866][240.78128, 205.65805, 1566.6978][338.10135, 211.03598, 1593.0342][200.01865, 169.33154, 1353.0763][325.7226, 226.77165, 1635.7664][278.07095, 95.07291, 1290.607][368.48483, 290.3774, 1707.2883][286.8044, 269.78662, 1577.3175][241.19118, 329.94922, 1563.3826][325.7019, 332.83514, 1586.1555][229.86832, 452.6524, 1542.5704][351.0056, 455.2812, 1643.877][263.39343, 573.28625, 1656.6658][320.64783, 559.7841, 1715.7766]
136[305.72266, 117.24752, 1601.5005][288.33124, 211.20953, 1590.8887][240.2012, 209.23193, 1587.0588][336.2301, 213.17764, 1594.7185][191.09406, 176.78452, 1386.1771][353.66864, 281.03595, 1684.5325][281.29694, 118.90446, 1313.552][360.4146, 272.79767, 1525.677][285.94855, 268.6966, 1581.6133][243.70383, 325.45645, 1569.2047][323.21317, 328.2617, 1575.4711][234.40192, 464.26196, 1546.0972][342.39313, 451.81415, 1638.3942][262.00363, 568.8373, 1644.1594][315.8719, 557.7577, 1709.8923]
137[306.82526, 118.733925, 1601.9933][288.56165, 214.4284, 1600.0514][240.14612, 212.47237, 1598.6335][336.89145, 216.381, 1601.4692][180.2854, 193.44717, 1406.2031][355.31967, 282.3729, 1693.7759][272.1748, 144.0249, 1331.1455][359.38565, 273.66153, 1526.8663][286.0313, 272.0279, 1586.5592][244.80374, 329.13617, 1571.954][322.05676, 332.0926, 1574.18][238.09299, 446.57532, 1555.0862][340.1784, 456.2057, 1634.6444][267.3868, 563.6946, 1662.9414][316.6552, 563.8538, 1702.0134]
138[306.1752, 118.1841, 1602.8163][288.33313, 216.40334, 1617.6996][240.21358, 215.32619, 1625.9204][336.94424, 217.49149, 1609.4788][170.90869, 223.23383, 1460.0348][367.36343, 283.10495, 1710.3728][267.86383, 167.92667, 1352.2112][355.95203, 276.28708, 1519.1625][286.00034, 274.89856, 1596.5356][245.95699, 333.65308, 1581.6313][321.55316, 336.28836, 1569.112][240.43222, 444.1267, 1565.1204][337.9011, 460.69354, 1630.3357][268.5786, 558.6564, 1677.4806][316.83554, 570.3159, 1691.9949]
139[307.05978, 119.5469, 1602.9387][288.60962, 219.29074, 1625.7098][240.44832, 218.32718, 1642.3256][337.76556, 220.2742, 1609.0941][167.43294, 227.17213, 1481.473][371.20703, 284.82864, 1709.5565][265.5376, 191.68208, 1382.6132][355.08524, 278.63617, 1516.9757][285.73645, 278.32803, 1602.6025][245.13695, 337.3902, 1592.1001][321.02704, 340.82263, 1566.8904][240.91171, 442.86163, 1571.204][332.58032, 471.6192, 1596.605][269.4346, 555.93286, 1682.0432][316.81546, 576.7226, 1684.1469]
